VEHICLE INFORMATION
Type	Number	Capacity	Endurance	 Speed	 Unit cost
Truck	    3	      500	     8.00	   35	   1.000
Drone	    1	       30	     1.00	   70	   0.200

CUSTOMER INFORMATION
Id 	X	Y	Demand_D	Demand_P
0  	20.00	20.00	    0.00	    0.00
1  	4.00	39.18	   23.00	   24.00
2  	5.78	4.50	   19.00	    1.00
3  	8.70	1.03	   16.00	   16.00
4  	9.87	10.46	    7.00	   14.00
5  	29.93	14.51	   15.00	    3.00
6  	31.54	29.40	   19.00	   14.00
7  	20.09	35.43	   16.00	   21.00
8  	15.88	16.25	    3.00	   24.00
9  	34.88	11.87	   23.00	   17.00
10 	18.30	26.84	   18.00	   14.00
11 	22.42	6.21	    9.00	   10.00
12 	20.48	20.75	   22.00	    8.00
13 	25.38	18.63	    8.00	   24.00
14 	32.36	5.32	   17.00	    0.00
15 	29.08	3.63	   23.00	    9.00
16 	37.15	15.21	    0.00	    5.00
17 	4.24	31.72	    6.00	    1.00
18 	14.22	22.11	    8.00	   24.00
19 	1.00	22.05	    7.00	   18.00
20 	24.12	30.92	    8.00	    4.00
21 	1.98	29.40	    0.00	    1.00
22 	21.48	14.15	   22.00	   21.00
23 	21.18	34.76	   17.00	   15.00
24 	31.25	15.58	   18.00	    4.00
25 	18.01	35.94	   14.00	    8.00
26 	36.86	1.55	   15.00	   17.00
27 	3.28	27.34	   21.00	    7.00
28 	25.87	22.75	   21.00	   20.00
29 	1.97	9.75	   71.00	   96.00
30 	30.88	24.99	   17.00	    9.00
31 	10.52	33.18	   13.00	   21.00
32 	12.58	4.90	    0.00	    8.00
33 	10.08	38.07	   21.00	    6.00
34 	20.67	5.40	   21.00	   22.00
35 	8.12	31.56	    9.00	    3.00
36 	14.22	13.72	   17.00	    3.00
37 	25.58	37.11	   10.00	   22.00
38 	3.25	38.26	   15.00	   20.00
39 	19.59	27.01	    4.00	   18.00
40 	24.92	2.65	    6.00	   24.00
41 	30.90	14.08	   24.00	   20.00
42 	0.93	1.20	   18.00	    6.00
43 	17.30	9.74	   15.00	    4.00
44 	9.91	8.64	   19.00	   22.00
45 	1.67	4.49	   19.00	    0.00
46 	24.45	22.62	   24.00	   22.00
47 	1.30	0.17	   14.00	    7.00
48 	3.10	26.62	   13.00	   18.00
49 	35.93	24.30	   21.00	   15.00
50 	6.68	22.64	   14.00	    0.00
51 	20.00	20.00	    0.00	    0.00

Distance For Drone
    0	    1	    25.0
    0	    2	    21.0
    0	    3	    22.1
    0	    4	    13.9
    0	    5	    11.3
    0	    6	    14.9
    0	    7	    15.4
    0	    8	     5.6
    0	    9	    17.0
    0	   10	     7.0
    0	   11	    14.0
    0	   12	     0.9
    0	   13	     5.6
    0	   14	    19.2
    0	   15	    18.7
    0	   16	    17.8
    0	   17	    19.6
    0	   18	     6.2
    0	   19	    19.1
    0	   20	    11.7
    0	   21	    20.3
    0	   22	     6.0
    0	   23	    14.8
    0	   24	    12.1
    0	   25	    16.1
    0	   26	    25.0
    0	   27	    18.3
    0	   28	     6.5
    0	   29	    20.7
    0	   30	    12.0
    0	   31	    16.2
    0	   32	    16.8
    0	   33	    20.6
    0	   34	    14.6
    0	   35	    16.6
    0	   36	     8.5
    0	   37	    18.0
    0	   38	    24.8
    0	   39	     7.0
    0	   40	    18.0
    0	   41	    12.4
    0	   42	    26.8
    0	   43	    10.6
    0	   44	    15.2
    0	   45	    24.0
    0	   46	     5.2
    0	   47	    27.3
    0	   48	    18.2
    0	   49	    16.5
    0	   50	    13.6
    1	    2	    34.7
    1	    3	    38.4
    1	    4	    29.3
    1	    5	    35.8
    1	    6	    29.2
    1	    7	    16.5
    1	    8	    25.8
    1	    9	    41.2
    1	   10	    18.9
    1	   11	    37.8
    1	   12	    24.7
    1	   13	    29.7
    1	   14	    44.2
    1	   15	    43.5
    1	   16	    40.9
    1	   17	     7.5
    1	   18	    19.9
    1	   19	    17.4
    1	   20	    21.7
    1	   21	    10.0
    1	   22	    30.5
    1	   23	    17.7
    1	   24	    36.0
    1	   25	    14.4
    1	   26	    50.0
    1	   27	    11.9
    1	   28	    27.4
    1	   29	    29.5
    1	   30	    30.4
    1	   31	     8.9
    1	   32	    35.3
    1	   33	     6.2
    1	   34	    37.7
    1	   35	     8.7
    1	   36	    27.4
    1	   37	    21.7
    1	   38	     1.2
    1	   39	    19.8
    1	   40	    42.1
    1	   41	    36.8
    1	   42	    38.1
    1	   43	    32.3
    1	   44	    31.1
    1	   45	    34.8
    1	   46	    26.3
    1	   47	    39.1
    1	   48	    12.6
    1	   49	    35.2
    1	   50	    16.8
    1	   51	    25.0
    2	    1	    34.7
    2	    3	     4.5
    2	    4	     7.2
    2	    5	    26.1
    2	    6	    35.8
    2	    7	    34.1
    2	    8	    15.5
    2	    9	    30.0
    2	   10	    25.6
    2	   11	    16.7
    2	   12	    21.9
    2	   13	    24.2
    2	   14	    26.6
    2	   15	    23.3
    2	   16	    33.1
    2	   17	    27.3
    2	   18	    19.5
    2	   19	    18.2
    2	   20	    32.2
    2	   21	    25.2
    2	   22	    18.4
    2	   23	    34.0
    2	   24	    27.8
    2	   25	    33.7
    2	   26	    31.2
    2	   27	    23.0
    2	   28	    27.1
    2	   29	     6.5
    2	   30	    32.4
    2	   31	    29.1
    2	   32	     6.8
    2	   33	    33.8
    2	   34	    14.9
    2	   35	    27.2
    2	   36	    12.5
    2	   37	    38.2
    2	   38	    33.9
    2	   39	    26.4
    2	   40	    19.2
    2	   41	    26.9
    2	   42	     5.9
    2	   43	    12.7
    2	   44	     5.8
    2	   45	     4.1
    2	   46	    26.0
    2	   47	     6.2
    2	   48	    22.3
    2	   49	    36.1
    2	   50	    18.2
    2	   51	    21.0
    3	    1	    38.4
    3	    2	     4.5
    3	    4	     9.5
    3	    5	    25.1
    3	    6	    36.4
    3	    7	    36.2
    3	    8	    16.8
    3	    9	    28.3
    3	   10	    27.5
    3	   11	    14.7
    3	   12	    23.0
    3	   13	    24.2
    3	   14	    24.0
    3	   15	    20.5
    3	   16	    31.8
    3	   17	    31.0
    3	   18	    21.8
    3	   19	    22.4
    3	   20	    33.6
    3	   21	    29.2
    3	   22	    18.3
    3	   23	    36.0
    3	   24	    26.8
    3	   25	    36.1
    3	   26	    28.2
    3	   27	    26.9
    3	   28	    27.7
    3	   29	    11.0
    3	   30	    32.7
    3	   31	    32.2
    3	   32	     5.5
    3	   33	    37.1
    3	   34	    12.7
    3	   35	    30.5
    3	   36	    13.8
    3	   37	    39.8
    3	   38	    37.6
    3	   39	    28.2
    3	   40	    16.3
    3	   41	    25.8
    3	   42	     7.8
    3	   43	    12.2
    3	   44	     7.7
    3	   45	     7.8
    3	   46	    26.7
    3	   47	     7.4
    3	   48	    26.2
    3	   49	    35.8
    3	   50	    21.7
    3	   51	    22.1
    4	    1	    29.3
    4	    2	     7.2
    4	    3	     9.5
    4	    5	    20.5
    4	    6	    28.8
    4	    7	    27.0
    4	    8	     8.3
    4	    9	    25.0
    4	   10	    18.4
    4	   11	    13.3
    4	   12	    14.8
    4	   13	    17.5
    4	   14	    23.1
    4	   15	    20.4
    4	   16	    27.7
    4	   17	    22.0
    4	   18	    12.4
    4	   19	    14.6
    4	   20	    24.9
    4	   21	    20.5
    4	   22	    12.2
    4	   23	    26.8
    4	   24	    22.0
    4	   25	    26.7
    4	   26	    28.4
    4	   27	    18.1
    4	   28	    20.2
    4	   29	     7.9
    4	   30	    25.5
    4	   31	    22.7
    4	   32	     6.2
    4	   33	    27.6
    4	   34	    11.9
    4	   35	    21.2
    4	   36	     5.4
    4	   37	    30.9
    4	   38	    28.6
    4	   39	    19.2
    4	   40	    17.0
    4	   41	    21.3
    4	   42	    12.9
    4	   43	     7.5
    4	   44	     1.8
    4	   45	    10.1
    4	   46	    19.0
    4	   47	    13.4
    4	   48	    17.5
    4	   49	    29.5
    4	   50	    12.6
    4	   51	    13.9
    5	    1	    35.8
    5	    2	    26.1
    5	    3	    25.1
    5	    4	    20.5
    5	    6	    15.0
    5	    7	    23.1
    5	    8	    14.2
    5	    9	     5.6
    5	   10	    16.9
    5	   11	    11.2
    5	   12	    11.3
    5	   13	     6.1
    5	   14	     9.5
    5	   15	    10.9
    5	   16	     7.3
    5	   17	    30.9
    5	   18	    17.5
    5	   19	    29.9
    5	   20	    17.4
    5	   21	    31.7
    5	   22	     8.5
    5	   23	    22.1
    5	   24	     1.7
    5	   25	    24.5
    5	   26	    14.7
    5	   27	    29.6
    5	   28	     9.2
    5	   29	    28.4
    5	   30	    10.5
    5	   31	    26.9
    5	   32	    19.8
    5	   33	    30.8
    5	   34	    13.0
    5	   35	    27.7
    5	   36	    15.7
    5	   37	    23.0
    5	   38	    35.7
    5	   39	    16.2
    5	   40	    12.9
    5	   41	     1.1
    5	   42	    31.9
    5	   43	    13.5
    5	   44	    20.9
    5	   45	    30.0
    5	   46	     9.8
    5	   47	    32.0
    5	   48	    29.4
    5	   49	    11.5
    5	   50	    24.6
    5	   51	    11.3
    6	    1	    29.2
    6	    2	    35.8
    6	    3	    36.4
    6	    4	    28.8
    6	    5	    15.0
    6	    7	    12.9
    6	    8	    20.4
    6	    9	    17.8
    6	   10	    13.5
    6	   11	    24.9
    6	   12	    14.0
    6	   13	    12.4
    6	   14	    24.1
    6	   15	    25.9
    6	   16	    15.3
    6	   17	    27.4
    6	   18	    18.8
    6	   19	    31.4
    6	   20	     7.6
    6	   21	    29.6
    6	   22	    18.3
    6	   23	    11.7
    6	   24	    13.8
    6	   25	    15.0
    6	   26	    28.4
    6	   27	    28.3
    6	   28	     8.7
    6	   29	    35.5
    6	   30	     4.5
    6	   31	    21.4
    6	   32	    31.0
    6	   33	    23.1
    6	   34	    26.3
    6	   35	    23.5
    6	   36	    23.4
    6	   37	     9.7
    6	   38	    29.6
    6	   39	    12.2
    6	   40	    27.6
    6	   41	    15.3
    6	   42	    41.6
    6	   43	    24.3
    6	   44	    30.0
    6	   45	    38.9
    6	   46	     9.8
    6	   47	    42.1
    6	   48	    28.6
    6	   49	     6.7
    6	   50	    25.8
    6	   51	    14.9
    7	    1	    16.5
    7	    2	    34.1
    7	    3	    36.2
    7	    4	    27.0
    7	    5	    23.1
    7	    6	    12.9
    7	    8	    19.6
    7	    9	    27.8
    7	   10	     8.8
    7	   11	    29.3
    7	   12	    14.7
    7	   13	    17.6
    7	   14	    32.5
    7	   15	    33.0
    7	   16	    26.5
    7	   17	    16.3
    7	   18	    14.6
    7	   19	    23.3
    7	   20	     6.0
    7	   21	    19.1
    7	   22	    21.3
    7	   23	     1.3
    7	   24	    22.8
    7	   25	     2.1
    7	   26	    37.8
    7	   27	    18.7
    7	   28	    13.9
    7	   29	    31.4
    7	   30	    15.0
    7	   31	     9.8
    7	   32	    31.4
    7	   33	    10.4
    7	   34	    30.0
    7	   35	    12.6
    7	   36	    22.5
    7	   37	     5.7
    7	   38	    17.1
    7	   39	     8.4
    7	   40	    33.1
    7	   41	    23.9
    7	   42	    39.2
    7	   43	    25.8
    7	   44	    28.7
    7	   45	    36.0
    7	   46	    13.5
    7	   47	    40.0
    7	   48	    19.1
    7	   49	    19.4
    7	   50	    18.5
    7	   51	    15.4
    8	    1	    25.8
    8	    2	    15.5
    8	    3	    16.8
    8	    4	     8.3
    8	    5	    14.2
    8	    6	    20.4
    8	    7	    19.6
    8	    9	    19.5
    8	   10	    10.9
    8	   11	    12.0
    8	   12	     6.4
    8	   13	     9.8
    8	   14	    19.8
    8	   15	    18.3
    8	   16	    21.3
    8	   17	    19.4
    8	   18	     6.1
    8	   19	    16.0
    8	   20	    16.8
    8	   21	    19.1
    8	   22	     6.0
    8	   23	    19.3
    8	   24	    15.4
    8	   25	    19.8
    8	   26	    25.6
    8	   27	    16.8
    8	   28	    11.9
    8	   29	    15.4
    8	   30	    17.4
    8	   31	    17.8
    8	   32	    11.8
    8	   33	    22.6
    8	   34	    11.9
    8	   35	    17.2
    8	   36	     3.0
    8	   37	    23.0
    8	   38	    25.4
    8	   39	    11.4
    8	   40	    16.3
    8	   41	    15.2
    8	   42	    21.2
    8	   43	     6.7
    8	   44	     9.7
    8	   45	    18.4
    8	   46	    10.7
    8	   47	    21.7
    8	   48	    16.5
    8	   49	    21.6
    8	   50	    11.2
    8	   51	     5.6
    9	    1	    41.2
    9	    2	    30.0
    9	    3	    28.3
    9	    4	    25.0
    9	    5	     5.6
    9	    6	    17.8
    9	    7	    27.8
    9	    8	    19.5
    9	   10	    22.3
    9	   11	    13.7
    9	   12	    16.9
    9	   13	    11.7
    9	   14	     7.0
    9	   15	    10.1
    9	   16	     4.0
    9	   17	    36.5
    9	   18	    23.1
    9	   19	    35.4
    9	   20	    21.9
    9	   21	    37.3
    9	   22	    13.6
    9	   23	    26.7
    9	   24	     5.2
    9	   25	    29.4
    9	   26	    10.5
    9	   27	    35.2
    9	   28	    14.1
    9	   29	    33.0
    9	   30	    13.7
    9	   31	    32.4
    9	   32	    23.4
    9	   33	    36.1
    9	   34	    15.6
    9	   35	    33.2
    9	   36	    20.7
    9	   37	    26.9
    9	   38	    41.2
    9	   39	    21.5
    9	   40	    13.6
    9	   41	     4.6
    9	   42	    35.6
    9	   43	    17.7
    9	   44	    25.2
    9	   45	    34.0
    9	   46	    15.0
    9	   47	    35.6
    9	   48	    35.0
    9	   49	    12.5
    9	   50	    30.2
    9	   51	    17.0
   10	    1	    18.9
   10	    2	    25.6
   10	    3	    27.5
   10	    4	    18.4
   10	    5	    16.9
   10	    6	    13.5
   10	    7	     8.8
   10	    8	    10.9
   10	    9	    22.3
   10	   11	    21.0
   10	   12	     6.5
   10	   13	    10.8
   10	   14	    25.7
   10	   15	    25.6
   10	   16	    22.1
   10	   17	    14.9
   10	   18	     6.2
   10	   19	    18.0
   10	   20	     7.1
   10	   21	    16.5
   10	   22	    13.1
   10	   23	     8.4
   10	   24	    17.2
   10	   25	     9.1
   10	   26	    31.4
   10	   27	    15.0
   10	   28	     8.6
   10	   29	    23.6
   10	   30	    12.7
   10	   31	    10.0
   10	   32	    22.7
   10	   33	    13.9
   10	   34	    21.6
   10	   35	    11.2
   10	   36	    13.7
   10	   37	    12.6
   10	   38	    18.9
   10	   39	     1.3
   10	   40	    25.1
   10	   41	    17.9
   10	   42	    31.0
   10	   43	    17.1
   10	   44	    20.0
   10	   45	    27.9
   10	   46	     7.5
   10	   47	    31.6
   10	   48	    15.2
   10	   49	    17.8
   10	   50	    12.4
   10	   51	     7.0
   11	    1	    37.8
   11	    2	    16.7
   11	    3	    14.7
   11	    4	    13.3
   11	    5	    11.2
   11	    6	    24.9
   11	    7	    29.3
   11	    8	    12.0
   11	    9	    13.7
   11	   10	    21.0
   11	   12	    14.7
   11	   13	    12.8
   11	   14	    10.0
   11	   15	     7.1
   11	   16	    17.3
   11	   17	    31.3
   11	   18	    17.9
   11	   19	    26.6
   11	   20	    24.8
   11	   21	    30.9
   11	   22	     8.0
   11	   23	    28.6
   11	   24	    12.9
   11	   25	    30.1
   11	   26	    15.2
   11	   27	    28.5
   11	   28	    16.9
   11	   29	    20.8
   11	   30	    20.6
   11	   31	    29.5
   11	   32	     9.9
   11	   33	    34.2
   11	   34	     1.9
   11	   35	    29.1
   11	   36	    11.1
   11	   37	    31.1
   11	   38	    37.3
   11	   39	    21.0
   11	   40	     4.4
   11	   41	    11.6
   11	   42	    22.1
   11	   43	     6.2
   11	   44	    12.7
   11	   45	    20.8
   11	   46	    16.5
   11	   47	    22.0
   11	   48	    28.1
   11	   49	    22.6
   11	   50	    22.8
   11	   51	    14.0
   12	    1	    24.7
   12	    2	    21.9
   12	    3	    23.0
   12	    4	    14.8
   12	    5	    11.3
   12	    6	    14.0
   12	    7	    14.7
   12	    8	     6.4
   12	    9	    16.9
   12	   10	     6.5
   12	   11	    14.7
   12	   13	     5.3
   12	   14	    19.5
   12	   15	    19.2
   12	   16	    17.6
   12	   17	    19.6
   12	   18	     6.4
   12	   19	    19.5
   12	   20	    10.8
   12	   21	    20.4
   12	   22	     6.7
   12	   23	    14.0
   12	   24	    11.9
   12	   25	    15.4
   12	   26	    25.2
   12	   27	    18.4
   12	   28	     5.7
   12	   29	    21.5
   12	   30	    11.2
   12	   31	    15.9
   12	   32	    17.7
   12	   33	    20.2
   12	   34	    15.4
   12	   35	    16.4
   12	   36	     9.4
   12	   37	    17.1
   12	   38	    24.6
   12	   39	     6.3
   12	   40	    18.6
   12	   41	    12.4
   12	   42	    27.6
   12	   43	    11.5
   12	   44	    16.1
   12	   45	    24.9
   12	   46	     4.4
   12	   47	    28.1
   12	   48	    18.3
   12	   49	    15.9
   12	   50	    13.9
   12	   51	     0.9
   13	    1	    29.7
   13	    2	    24.2
   13	    3	    24.2
   13	    4	    17.5
   13	    5	     6.1
   13	    6	    12.4
   13	    7	    17.6
   13	    8	     9.8
   13	    9	    11.7
   13	   10	    10.8
   13	   11	    12.8
   13	   12	     5.3
   13	   14	    15.0
   13	   15	    15.4
   13	   16	    12.3
   13	   17	    24.9
   13	   18	    11.7
   13	   19	    24.6
   13	   20	    12.4
   13	   21	    25.8
   13	   22	     5.9
   13	   23	    16.7
   13	   24	     6.6
   13	   25	    18.8
   13	   26	    20.6
   13	   27	    23.8
   13	   28	     4.1
   13	   29	    25.0
   13	   30	     8.4
   13	   31	    20.8
   13	   32	    18.8
   13	   33	    24.7
   13	   34	    14.0
   13	   35	    21.6
   13	   36	    12.2
   13	   37	    18.5
   13	   38	    29.6
   13	   39	    10.2
   13	   40	    16.0
   13	   41	     7.2
   13	   42	    30.0
   13	   43	    12.0
   13	   44	    18.4
   13	   45	    27.6
   13	   46	     4.1
   13	   47	    30.3
   13	   48	    23.7
   13	   49	    12.0
   13	   50	    19.1
   13	   51	     5.6
   14	    1	    44.2
   14	    2	    26.6
   14	    3	    24.0
   14	    4	    23.1
   14	    5	     9.5
   14	    6	    24.1
   14	    7	    32.5
   14	    8	    19.8
   14	    9	     7.0
   14	   10	    25.7
   14	   11	    10.0
   14	   12	    19.5
   14	   13	    15.0
   14	   15	     3.7
   14	   16	    11.0
   14	   17	    38.6
   14	   18	    24.7
   14	   19	    35.5
   14	   20	    26.9
   14	   21	    38.8
   14	   22	    14.0
   14	   23	    31.5
   14	   24	    10.3
   14	   25	    33.8
   14	   26	     5.9
   14	   27	    36.5
   14	   28	    18.6
   14	   29	    30.7
   14	   30	    19.7
   14	   31	    35.4
   14	   32	    19.8
   14	   33	    39.6
   14	   34	    11.7
   14	   35	    35.7
   14	   36	    20.0
   14	   37	    32.5
   14	   38	    44.0
   14	   39	    25.2
   14	   40	     7.9
   14	   41	     8.9
   14	   42	    31.7
   14	   43	    15.7
   14	   44	    22.7
   14	   45	    30.7
   14	   46	    19.0
   14	   47	    31.5
   14	   48	    36.2
   14	   49	    19.3
   14	   50	    31.0
   14	   51	    19.2
   15	    1	    43.5
   15	    2	    23.3
   15	    3	    20.5
   15	    4	    20.4
   15	    5	    10.9
   15	    6	    25.9
   15	    7	    33.0
   15	    8	    18.3
   15	    9	    10.1
   15	   10	    25.6
   15	   11	     7.1
   15	   12	    19.2
   15	   13	    15.4
   15	   14	     3.7
   15	   16	    14.1
   15	   17	    37.5
   15	   18	    23.7
   15	   19	    33.6
   15	   20	    27.7
   15	   21	    37.4
   15	   22	    13.0
   15	   23	    32.1
   15	   24	    12.1
   15	   25	    34.2
   15	   26	     8.1
   15	   27	    35.0
   15	   28	    19.4
   15	   29	    27.8
   15	   30	    21.4
   15	   31	    34.9
   15	   32	    16.5
   15	   33	    39.3
   15	   34	     8.6
   15	   35	    34.9
   15	   36	    18.0
   15	   37	    33.7
   15	   38	    43.2
   15	   39	    25.2
   15	   40	     4.3
   15	   41	    10.6
   15	   42	    28.3
   15	   43	    13.3
   15	   44	    19.8
   15	   45	    27.4
   15	   46	    19.5
   15	   47	    28.0
   15	   48	    34.7
   15	   49	    21.8
   15	   50	    29.4
   15	   51	    18.7
   16	    1	    40.9
   16	    2	    33.1
   16	    3	    31.8
   16	    4	    27.7
   16	    5	     7.3
   16	    6	    15.3
   16	    7	    26.5
   16	    8	    21.3
   16	    9	     4.0
   16	   10	    22.1
   16	   11	    17.3
   16	   12	    17.6
   16	   13	    12.3
   16	   14	    11.0
   16	   15	    14.1
   16	   17	    36.8
   16	   18	    23.9
   16	   19	    36.8
   16	   20	    20.4
   16	   21	    37.9
   16	   22	    15.7
   16	   23	    25.2
   16	   24	     5.9
   16	   25	    28.2
   16	   26	    13.7
   16	   27	    36.0
   16	   28	    13.6
   16	   29	    35.6
   16	   30	    11.6
   16	   31	    32.1
   16	   32	    26.6
   16	   33	    35.4
   16	   34	    19.2
   16	   35	    33.3
   16	   36	    23.0
   16	   37	    24.8
   16	   38	    41.0
   16	   39	    21.2
   16	   40	    17.5
   16	   41	     6.4
   16	   42	    38.8
   16	   43	    20.6
   16	   44	    28.0
   16	   45	    37.1
   16	   46	    14.7
   16	   47	    38.9
   16	   48	    35.9
   16	   49	     9.2
   16	   50	    31.4
   16	   51	    17.8
   17	    1	     7.5
   17	    2	    27.3
   17	    3	    31.0
   17	    4	    22.0
   17	    5	    30.9
   17	    6	    27.4
   17	    7	    16.3
   17	    8	    19.4
   17	    9	    36.5
   17	   10	    14.9
   17	   11	    31.3
   17	   12	    19.6
   17	   13	    24.9
   17	   14	    38.6
   17	   15	    37.5
   17	   16	    36.8
   17	   18	    13.9
   17	   19	    10.2
   17	   20	    19.9
   17	   21	     3.2
   17	   22	    24.6
   17	   23	    17.2
   17	   24	    31.5
   17	   25	    14.4
   17	   26	    44.4
   17	   27	     4.5
   17	   28	    23.4
   17	   29	    22.1
   17	   30	    27.5
   17	   31	     6.4
   17	   32	    28.1
   17	   33	     8.6
   17	   34	    31.0
   17	   35	     3.9
   17	   36	    20.6
   17	   37	    22.0
   17	   38	     6.6
   17	   39	    16.1
   17	   40	    35.7
   17	   41	    32.0
   17	   42	    30.7
   17	   43	    25.6
   17	   44	    23.8
   17	   45	    27.4
   17	   46	    22.2
   17	   47	    31.7
   17	   48	     5.2
   17	   49	    32.5
   17	   50	     9.4
   17	   51	    19.6
   18	    1	    19.9
   18	    2	    19.5
   18	    3	    21.8
   18	    4	    12.4
   18	    5	    17.5
   18	    6	    18.8
   18	    7	    14.6
   18	    8	     6.1
   18	    9	    23.1
   18	   10	     6.2
   18	   11	    17.9
   18	   12	     6.4
   18	   13	    11.7
   18	   14	    24.7
   18	   15	    23.7
   18	   16	    23.9
   18	   17	    13.9
   18	   19	    13.2
   18	   20	    13.3
   18	   21	    14.2
   18	   22	    10.8
   18	   23	    14.4
   18	   24	    18.2
   18	   25	    14.3
   18	   26	    30.6
   18	   27	    12.1
   18	   28	    11.7
   18	   29	    17.4
   18	   30	    16.9
   18	   31	    11.7
   18	   32	    17.3
   18	   33	    16.5
   18	   34	    17.9
   18	   35	    11.2
   18	   36	     8.4
   18	   37	    18.8
   18	   38	    19.5
   18	   39	     7.3
   18	   40	    22.2
   18	   41	    18.5
   18	   42	    24.8
   18	   43	    12.7
   18	   44	    14.1
   18	   45	    21.6
   18	   46	    10.2
   18	   47	    25.5
   18	   48	    12.0
   18	   49	    21.8
   18	   50	     7.6
   18	   51	     6.2
   19	    1	    17.4
   19	    2	    18.2
   19	    3	    22.4
   19	    4	    14.6
   19	    5	    29.9
   19	    6	    31.4
   19	    7	    23.3
   19	    8	    16.0
   19	    9	    35.4
   19	   10	    18.0
   19	   11	    26.6
   19	   12	    19.5
   19	   13	    24.6
   19	   14	    35.5
   19	   15	    33.6
   19	   16	    36.8
   19	   17	    10.2
   19	   18	    13.2
   19	   20	    24.8
   19	   21	     7.4
   19	   22	    22.0
   19	   23	    23.8
   19	   24	    30.9
   19	   25	    22.0
   19	   26	    41.3
   19	   27	     5.8
   19	   28	    24.9
   19	   29	    12.3
   19	   30	    30.0
   19	   31	    14.6
   19	   32	    20.7
   19	   33	    18.4
   19	   34	    25.8
   19	   35	    11.9
   19	   36	    15.6
   19	   37	    28.8
   19	   38	    16.4
   19	   39	    19.2
   19	   40	    30.8
   19	   41	    30.9
   19	   42	    20.9
   19	   43	    20.4
   19	   44	    16.1
   19	   45	    17.6
   19	   46	    23.5
   19	   47	    21.9
   19	   48	     5.0
   19	   49	    35.0
   19	   50	     5.7
   19	   51	    19.1
   20	    1	    21.7
   20	    2	    32.2
   20	    3	    33.6
   20	    4	    24.9
   20	    5	    17.4
   20	    6	     7.6
   20	    7	     6.0
   20	    8	    16.8
   20	    9	    21.9
   20	   10	     7.1
   20	   11	    24.8
   20	   12	    10.8
   20	   13	    12.4
   20	   14	    26.9
   20	   15	    27.7
   20	   16	    20.4
   20	   17	    19.9
   20	   18	    13.3
   20	   19	    24.8
   20	   21	    22.2
   20	   22	    17.0
   20	   23	     4.8
   20	   24	    16.9
   20	   25	     7.9
   20	   26	    32.0
   20	   27	    21.1
   20	   28	     8.4
   20	   29	    30.6
   20	   30	     9.0
   20	   31	    13.8
   20	   32	    28.5
   20	   33	    15.8
   20	   34	    25.8
   20	   35	    16.0
   20	   36	    19.8
   20	   37	     6.4
   20	   38	    22.1
   20	   39	     6.0
   20	   40	    28.3
   20	   41	    18.2
   20	   42	    37.7
   20	   43	    22.3
   20	   44	    26.4
   20	   45	    34.7
   20	   46	     8.3
   20	   47	    38.3
   20	   48	    21.5
   20	   49	    13.5
   20	   50	    19.3
   20	   51	    11.7
   21	    1	    10.0
   21	    2	    25.2
   21	    3	    29.2
   21	    4	    20.5
   21	    5	    31.7
   21	    6	    29.6
   21	    7	    19.1
   21	    8	    19.1
   21	    9	    37.3
   21	   10	    16.5
   21	   11	    30.9
   21	   12	    20.4
   21	   13	    25.8
   21	   14	    38.8
   21	   15	    37.4
   21	   16	    37.9
   21	   17	     3.2
   21	   18	    14.2
   21	   19	     7.4
   21	   20	    22.2
   21	   22	    24.8
   21	   23	    19.9
   21	   24	    32.4
   21	   25	    17.3
   21	   26	    44.6
   21	   27	     2.4
   21	   28	    24.8
   21	   29	    19.7
   21	   30	    29.2
   21	   31	     9.3
   21	   32	    26.7
   21	   33	    11.9
   21	   34	    30.4
   21	   35	     6.5
   21	   36	    19.9
   21	   37	    24.8
   21	   38	     9.0
   21	   39	    17.8
   21	   40	    35.2
   21	   41	    32.7
   21	   42	    28.2
   21	   43	    24.9
   21	   44	    22.2
   21	   45	    24.9
   21	   46	    23.5
   21	   47	    29.2
   21	   48	     3.0
   21	   49	    34.3
   21	   50	     8.2
   21	   51	    20.3
   22	    1	    30.5
   22	    2	    18.4
   22	    3	    18.3
   22	    4	    12.2
   22	    5	     8.5
   22	    6	    18.3
   22	    7	    21.3
   22	    8	     6.0
   22	    9	    13.6
   22	   10	    13.1
   22	   11	     8.0
   22	   12	     6.7
   22	   13	     5.9
   22	   14	    14.0
   22	   15	    13.0
   22	   16	    15.7
   22	   17	    24.6
   22	   18	    10.8
   22	   19	    22.0
   22	   20	    17.0
   22	   21	    24.8
   22	   23	    20.6
   22	   24	     9.9
   22	   25	    22.1
   22	   26	    19.9
   22	   27	    22.5
   22	   28	     9.7
   22	   29	    20.0
   22	   30	    14.3
   22	   31	    22.0
   22	   32	    12.8
   22	   33	    26.5
   22	   34	     8.8
   22	   35	    21.9
   22	   36	     7.3
   22	   37	    23.3
   22	   38	    30.2
   22	   39	    13.0
   22	   40	    12.0
   22	   41	     9.4
   22	   42	    24.3
   22	   43	     6.1
   22	   44	    12.8
   22	   45	    22.0
   22	   46	     9.0
   22	   47	    24.5
   22	   48	    22.2
   22	   49	    17.7
   22	   50	    17.1
   22	   51	     6.0
   23	    1	    17.7
   23	    2	    34.0
   23	    3	    36.0
   23	    4	    26.8
   23	    5	    22.1
   23	    6	    11.7
   23	    7	     1.3
   23	    8	    19.3
   23	    9	    26.7
   23	   10	     8.4
   23	   11	    28.6
   23	   12	    14.0
   23	   13	    16.7
   23	   14	    31.5
   23	   15	    32.1
   23	   16	    25.2
   23	   17	    17.2
   23	   18	    14.4
   23	   19	    23.8
   23	   20	     4.8
   23	   21	    19.9
   23	   22	    20.6
   23	   24	    21.7
   23	   25	     3.4
   23	   26	    36.7
   23	   27	    19.4
   23	   28	    12.9
   23	   29	    31.5
   23	   30	    13.8
   23	   31	    10.8
   23	   32	    31.1
   23	   33	    11.6
   23	   34	    29.4
   23	   35	    13.4
   23	   36	    22.2
   23	   37	     5.0
   23	   38	    18.3
   23	   39	     7.9
   23	   40	    32.3
   23	   41	    22.9
   23	   42	    39.2
   23	   43	    25.3
   23	   44	    28.4
   23	   45	    36.0
   23	   46	    12.6
   23	   47	    39.9
   23	   48	    19.8
   23	   49	    18.1
   23	   50	    18.9
   23	   51	    14.8
   24	    1	    36.0
   24	    2	    27.8
   24	    3	    26.8
   24	    4	    22.0
   24	    5	     1.7
   24	    6	    13.8
   24	    7	    22.8
   24	    8	    15.4
   24	    9	     5.2
   24	   10	    17.2
   24	   11	    12.9
   24	   12	    11.9
   24	   13	     6.6
   24	   14	    10.3
   24	   15	    12.1
   24	   16	     5.9
   24	   17	    31.5
   24	   18	    18.2
   24	   19	    30.9
   24	   20	    16.9
   24	   21	    32.4
   24	   22	     9.9
   24	   23	    21.7
   24	   25	    24.3
   24	   26	    15.1
   24	   27	    30.3
   24	   28	     9.0
   24	   29	    29.9
   24	   30	     9.4
   24	   31	    27.2
   24	   32	    21.5
   24	   33	    30.9
   24	   34	    14.7
   24	   35	    28.1
   24	   36	    17.1
   24	   37	    22.3
   24	   38	    36.0
   24	   39	    16.3
   24	   40	    14.4
   24	   41	     1.5
   24	   42	    33.6
   24	   43	    15.1
   24	   44	    22.4
   24	   45	    31.6
   24	   46	     9.8
   24	   47	    33.7
   24	   48	    30.2
   24	   49	     9.9
   24	   50	    25.6
   24	   51	    12.1
   25	    1	    14.4
   25	    2	    33.7
   25	    3	    36.1
   25	    4	    26.7
   25	    5	    24.5
   25	    6	    15.0
   25	    7	     2.1
   25	    8	    19.8
   25	    9	    29.4
   25	   10	     9.1
   25	   11	    30.1
   25	   12	    15.4
   25	   13	    18.8
   25	   14	    33.8
   25	   15	    34.2
   25	   16	    28.2
   25	   17	    14.4
   25	   18	    14.3
   25	   19	    22.0
   25	   20	     7.9
   25	   21	    17.3
   25	   22	    22.1
   25	   23	     3.4
   25	   24	    24.3
   25	   26	    39.2
   25	   27	    17.1
   25	   28	    15.4
   25	   29	    30.7
   25	   30	    16.9
   25	   31	     8.0
   25	   32	    31.5
   25	   33	     8.2
   25	   34	    30.7
   25	   35	    10.8
   25	   36	    22.5
   25	   37	     7.7
   25	   38	    14.9
   25	   39	     9.1
   25	   40	    34.0
   25	   41	    25.4
   25	   42	    38.7
   25	   43	    26.2
   25	   44	    28.5
   25	   45	    35.4
   25	   46	    14.8
   25	   47	    39.5
   25	   48	    17.6
   25	   49	    21.4
   25	   50	    17.5
   25	   51	    16.1
   26	    1	    50.0
   26	    2	    31.2
   26	    3	    28.2
   26	    4	    28.4
   26	    5	    14.7
   26	    6	    28.4
   26	    7	    37.8
   26	    8	    25.6
   26	    9	    10.5
   26	   10	    31.4
   26	   11	    15.2
   26	   12	    25.2
   26	   13	    20.6
   26	   14	     5.9
   26	   15	     8.1
   26	   16	    13.7
   26	   17	    44.4
   26	   18	    30.6
   26	   19	    41.3
   26	   20	    32.0
   26	   21	    44.6
   26	   22	    19.9
   26	   23	    36.7
   26	   24	    15.1
   26	   25	    39.2
   26	   27	    42.3
   26	   28	    23.9
   26	   29	    35.8
   26	   30	    24.2
   26	   31	    41.2
   26	   32	    24.5
   26	   33	    45.3
   26	   34	    16.6
   26	   35	    41.6
   26	   36	    25.7
   26	   37	    37.3
   26	   38	    49.8
   26	   39	    30.8
   26	   40	    12.0
   26	   41	    13.9
   26	   42	    35.9
   26	   43	    21.2
   26	   44	    27.9
   26	   45	    35.3
   26	   46	    24.5
   26	   47	    35.6
   26	   48	    42.1
   26	   49	    22.8
   26	   50	    36.8
   26	   51	    25.0
   27	    1	    11.9
   27	    2	    23.0
   27	    3	    26.9
   27	    4	    18.1
   27	    5	    29.6
   27	    6	    28.3
   27	    7	    18.7
   27	    8	    16.8
   27	    9	    35.2
   27	   10	    15.0
   27	   11	    28.5
   27	   12	    18.4
   27	   13	    23.8
   27	   14	    36.5
   27	   15	    35.0
   27	   16	    36.0
   27	   17	     4.5
   27	   18	    12.1
   27	   19	     5.8
   27	   20	    21.1
   27	   21	     2.4
   27	   22	    22.5
   27	   23	    19.4
   27	   24	    30.3
   27	   25	    17.1
   27	   26	    42.3
   27	   28	    23.1
   27	   29	    17.6
   27	   30	    27.7
   27	   31	     9.3
   27	   32	    24.3
   27	   33	    12.7
   27	   34	    28.0
   27	   35	     6.4
   27	   36	    17.5
   27	   37	    24.3
   27	   38	    10.9
   27	   39	    16.3
   27	   40	    32.8
   27	   41	    30.6
   27	   42	    26.2
   27	   43	    22.5
   27	   44	    19.8
   27	   45	    22.9
   27	   46	    21.7
   27	   47	    27.2
   27	   48	     0.7
   27	   49	    32.8
   27	   50	     5.8
   27	   51	    18.3
   28	    1	    27.4
   28	    2	    27.1
   28	    3	    27.7
   28	    4	    20.2
   28	    5	     9.2
   28	    6	     8.7
   28	    7	    13.9
   28	    8	    11.9
   28	    9	    14.1
   28	   10	     8.6
   28	   11	    16.9
   28	   12	     5.7
   28	   13	     4.1
   28	   14	    18.6
   28	   15	    19.4
   28	   16	    13.6
   28	   17	    23.4
   28	   18	    11.7
   28	   19	    24.9
   28	   20	     8.4
   28	   21	    24.8
   28	   22	     9.7
   28	   23	    12.9
   28	   24	     9.0
   28	   25	    15.4
   28	   26	    23.9
   28	   27	    23.1
   28	   29	    27.2
   28	   30	     5.5
   28	   31	    18.6
   28	   32	    22.3
   28	   33	    22.0
   28	   34	    18.1
   28	   35	    19.8
   28	   36	    14.7
   28	   37	    14.4
   28	   38	    27.4
   28	   39	     7.6
   28	   40	    20.1
   28	   41	    10.0
   28	   42	    33.0
   28	   43	    15.6
   28	   44	    21.3
   28	   45	    30.3
   28	   46	     1.4
   28	   47	    33.4
   28	   48	    23.1
   28	   49	    10.2
   28	   50	    19.2
   28	   51	     6.5
   29	    1	    29.5
   29	    2	     6.5
   29	    3	    11.0
   29	    4	     7.9
   29	    5	    28.4
   29	    6	    35.5
   29	    7	    31.4
   29	    8	    15.4
   29	    9	    33.0
   29	   10	    23.6
   29	   11	    20.8
   29	   12	    21.5
   29	   13	    25.0
   29	   14	    30.7
   29	   15	    27.8
   29	   16	    35.6
   29	   17	    22.1
   29	   18	    17.4
   29	   19	    12.3
   29	   20	    30.6
   29	   21	    19.7
   29	   22	    20.0
   29	   23	    31.5
   29	   24	    29.9
   29	   25	    30.7
   29	   26	    35.8
   29	   27	    17.6
   29	   28	    27.2
   29	   30	    32.7
   29	   31	    24.9
   29	   32	    11.7
   29	   33	    29.5
   29	   34	    19.2
   29	   35	    22.7
   29	   36	    12.9
   29	   37	    36.1
   29	   38	    28.5
   29	   39	    24.7
   29	   40	    24.0
   29	   41	    29.3
   29	   42	     8.6
   29	   43	    15.3
   29	   44	     8.0
   29	   45	     5.3
   29	   46	    25.9
   29	   47	     9.6
   29	   48	    16.9
   29	   49	    36.9
   29	   50	    13.7
   29	   51	    20.7
   30	    1	    30.4
   30	    2	    32.4
   30	    3	    32.7
   30	    4	    25.5
   30	    5	    10.5
   30	    6	     4.5
   30	    7	    15.0
   30	    8	    17.4
   30	    9	    13.7
   30	   10	    12.7
   30	   11	    20.6
   30	   12	    11.2
   30	   13	     8.4
   30	   14	    19.7
   30	   15	    21.4
   30	   16	    11.6
   30	   17	    27.5
   30	   18	    16.9
   30	   19	    30.0
   30	   20	     9.0
   30	   21	    29.2
   30	   22	    14.3
   30	   23	    13.8
   30	   24	     9.4
   30	   25	    16.9
   30	   26	    24.2
   30	   27	    27.7
   30	   28	     5.5
   30	   29	    32.7
   30	   31	    21.9
   30	   32	    27.2
   30	   33	    24.6
   30	   34	    22.1
   30	   35	    23.7
   30	   36	    20.1
   30	   37	    13.2
   30	   38	    30.7
   30	   39	    11.5
   30	   40	    23.1
   30	   41	    10.9
   30	   42	    38.2
   30	   43	    20.4
   30	   44	    26.6
   30	   45	    35.7
   30	   46	     6.9
   30	   47	    38.6
   30	   48	    27.8
   30	   49	     5.1
   30	   50	    24.3
   30	   51	    12.0
   31	    1	     8.9
   31	    2	    29.1
   31	    3	    32.2
   31	    4	    22.7
   31	    5	    26.9
   31	    6	    21.4
   31	    7	     9.8
   31	    8	    17.8
   31	    9	    32.4
   31	   10	    10.0
   31	   11	    29.5
   31	   12	    15.9
   31	   13	    20.8
   31	   14	    35.4
   31	   15	    34.9
   31	   16	    32.1
   31	   17	     6.4
   31	   18	    11.7
   31	   19	    14.6
   31	   20	    13.8
   31	   21	     9.3
   31	   22	    22.0
   31	   23	    10.8
   31	   24	    27.2
   31	   25	     8.0
   31	   26	    41.2
   31	   27	     9.3
   31	   28	    18.6
   31	   29	    24.9
   31	   30	    21.9
   31	   32	    28.4
   31	   33	     4.9
   31	   34	    29.6
   31	   35	     2.9
   31	   36	    19.8
   31	   37	    15.6
   31	   38	     8.9
   31	   39	    11.0
   31	   40	    33.8
   31	   41	    27.9
   31	   42	    33.4
   31	   43	    24.4
   31	   44	    24.5
   31	   45	    30.0
   31	   46	    17.5
   31	   47	    34.3
   31	   48	     9.9
   31	   49	    26.9
   31	   50	    11.2
   31	   51	    16.2
   32	    1	    35.3
   32	    2	     6.8
   32	    3	     5.5
   32	    4	     6.2
   32	    5	    19.8
   32	    6	    31.0
   32	    7	    31.4
   32	    8	    11.8
   32	    9	    23.4
   32	   10	    22.7
   32	   11	     9.9
   32	   12	    17.7
   32	   13	    18.8
   32	   14	    19.8
   32	   15	    16.5
   32	   16	    26.6
   32	   17	    28.1
   32	   18	    17.3
   32	   19	    20.7
   32	   20	    28.5
   32	   21	    26.7
   32	   22	    12.8
   32	   23	    31.1
   32	   24	    21.5
   32	   25	    31.5
   32	   26	    24.5
   32	   27	    24.3
   32	   28	    22.3
   32	   29	    11.7
   32	   30	    27.2
   32	   31	    28.4
   32	   33	    33.3
   32	   34	     8.1
   32	   35	    27.0
   32	   36	     9.0
   32	   37	    34.7
   32	   38	    34.6
   32	   39	    23.2
   32	   40	    12.5
   32	   41	    20.5
   32	   42	    12.2
   32	   43	     6.8
   32	   44	     4.6
   32	   45	    10.9
   32	   46	    21.3
   32	   47	    12.2
   32	   48	    23.7
   32	   49	    30.4
   32	   50	    18.7
   32	   51	    16.8
   33	    1	     6.2
   33	    2	    33.8
   33	    3	    37.1
   33	    4	    27.6
   33	    5	    30.8
   33	    6	    23.1
   33	    7	    10.4
   33	    8	    22.6
   33	    9	    36.1
   33	   10	    13.9
   33	   11	    34.2
   33	   12	    20.2
   33	   13	    24.7
   33	   14	    39.6
   33	   15	    39.3
   33	   16	    35.4
   33	   17	     8.6
   33	   18	    16.5
   33	   19	    18.4
   33	   20	    15.8
   33	   21	    11.9
   33	   22	    26.5
   33	   23	    11.6
   33	   24	    30.9
   33	   25	     8.2
   33	   26	    45.3
   33	   27	    12.7
   33	   28	    22.0
   33	   29	    29.5
   33	   30	    24.6
   33	   31	     4.9
   33	   32	    33.3
   33	   34	    34.3
   33	   35	     6.8
   33	   36	    24.7
   33	   37	    15.5
   33	   38	     6.8
   33	   39	    14.6
   33	   40	    38.4
   33	   41	    31.8
   33	   42	    38.0
   33	   43	    29.2
   33	   44	    29.4
   33	   45	    34.6
   33	   46	    21.1
   33	   47	    38.9
   33	   48	    13.4
   33	   49	    29.3
   33	   50	    15.8
   33	   51	    20.6
   34	    1	    37.7
   34	    2	    14.9
   34	    3	    12.7
   34	    4	    11.9
   34	    5	    13.0
   34	    6	    26.3
   34	    7	    30.0
   34	    8	    11.9
   34	    9	    15.6
   34	   10	    21.6
   34	   11	     1.9
   34	   12	    15.4
   34	   13	    14.0
   34	   14	    11.7
   34	   15	     8.6
   34	   16	    19.2
   34	   17	    31.0
   34	   18	    17.9
   34	   19	    25.8
   34	   20	    25.8
   34	   21	    30.4
   34	   22	     8.8
   34	   23	    29.4
   34	   24	    14.7
   34	   25	    30.7
   34	   26	    16.6
