VEHICLE INFORMATION
Type	Number	Capacity	Endurance	 Speed	 Unit cost
Truck	    3	      500	     8.00	   35	   1.000
Drone	    1	       30	     1.00	   70	   0.200

CUSTOMER INFORMATION
Id 	X	Y	Demand_D	Demand_P
0  	25.00	25.00	    0.00	    0.00
1  	3.68	43.74	    9.00	   10.00
2  	21.09	31.45	   12.00	   20.00
3  	48.05	0.94	   17.00	   13.00
4  	45.53	35.07	   22.00	   10.00
5  	8.99	6.27	   97.00	   66.00
6  	18.34	18.93	    3.00	   14.00
7  	44.69	35.48	    6.00	   17.00
8  	12.54	22.59	    5.00	    0.00
9  	49.44	43.31	   16.00	   18.00
10 	41.99	26.51	    4.00	    9.00
11 	40.90	35.15	    8.00	   18.00
12 	31.39	40.39	    2.00	    5.00
13 	7.62	47.56	   14.00	   21.00
14 	36.13	15.56	    1.00	    8.00
15 	26.48	21.67	   19.00	    1.00
16 	10.22	40.69	   12.00	    3.00
17 	24.49	26.56	    4.00	    8.00
18 	0.76	19.15	   14.00	   18.00
19 	40.34	9.41	    5.00	    1.00
20 	13.26	48.35	    8.00	    5.00
21 	2.09	2.90	   46.00	   68.00
22 	32.31	35.82	   13.00	    3.00
23 	16.27	12.63	   20.00	   10.00
24 	18.10	38.58	    3.00	   12.00
25 	1.92	45.57	   18.00	    9.00
26 	37.41	1.22	   15.00	   24.00
27 	8.60	14.82	   24.00	   19.00
28 	12.19	13.10	    6.00	   19.00
29 	4.37	30.20	   22.00	   15.00
30 	34.96	13.44	   24.00	   23.00
31 	25.05	10.90	    4.00	   14.00
32 	35.22	11.30	   14.00	   19.00
33 	23.55	47.68	    1.00	    2.00
34 	42.35	14.28	   17.00	   18.00
35 	19.00	5.29	   16.00	    2.00
36 	7.94	12.42	    2.00	   10.00
37 	33.46	25.93	   48.00	   88.00
38 	1.96	19.31	    6.00	   19.00
39 	19.93	44.51	   20.00	    2.00
40 	46.06	11.13	   22.00	    5.00
41 	32.14	35.79	    0.00	    9.00
42 	1.66	42.46	   19.00	   12.00
43 	5.04	49.16	    9.00	   28.00
44 	41.07	3.52	   16.00	   13.00
45 	16.60	25.13	    6.00	    0.00
46 	0.72	4.07	    8.00	    9.00
47 	8.19	42.67	    9.00	    7.00
48 	34.35	16.14	   17.00	   15.00
49 	1.34	47.99	    1.00	   13.00
50 	15.10	16.61	    1.00	    4.00
51 	25.00	25.00	    0.00	    0.00

Distance For Drone
    0	    1	    28.4
    0	    2	     7.5
    0	    3	    33.3
    0	    4	    22.9
    0	    5	    24.6
    0	    6	     9.0
    0	    7	    22.3
    0	    8	    12.7
    0	    9	    30.5
    0	   10	    17.1
    0	   11	    18.9
    0	   12	    16.7
    0	   13	    28.5
    0	   14	    14.6
    0	   15	     3.6
    0	   16	    21.6
    0	   17	     1.6
    0	   18	    24.9
    0	   19	    21.9
    0	   20	    26.1
    0	   21	    31.8
    0	   22	    13.1
    0	   23	    15.1
    0	   24	    15.2
    0	   25	    30.9
    0	   26	    26.8
    0	   27	    19.3
    0	   28	    17.5
    0	   29	    21.3
    0	   30	    15.3
    0	   31	    14.1
    0	   32	    17.1
    0	   33	    22.7
    0	   34	    20.4
    0	   35	    20.6
    0	   36	    21.2
    0	   37	     8.5
    0	   38	    23.7
    0	   39	    20.2
    0	   40	    25.2
    0	   41	    12.9
    0	   42	    29.1
    0	   43	    31.3
    0	   44	    26.8
    0	   45	     8.4
    0	   46	    32.1
    0	   47	    24.4
    0	   48	    12.9
    0	   49	    33.0
    0	   50	    13.0
    1	    2	    21.3
    1	    3	    61.6
    1	    4	    42.7
    1	    5	    37.8
    1	    6	    28.8
    1	    7	    41.8
    1	    8	    22.9
    1	    9	    45.8
    1	   10	    42.0
    1	   11	    38.2
    1	   12	    27.9
    1	   13	     5.5
    1	   14	    43.0
    1	   15	    31.7
    1	   16	     7.2
    1	   17	    27.0
    1	   18	    24.8
    1	   19	    50.2
    1	   20	    10.6
    1	   21	    40.9
    1	   22	    29.7
    1	   23	    33.6
    1	   24	    15.3
    1	   25	     2.5
    1	   26	    54.3
    1	   27	    29.3
    1	   28	    31.8
    1	   29	    13.6
    1	   30	    43.5
    1	   31	    39.2
    1	   32	    45.2
    1	   33	    20.3
    1	   34	    48.6
    1	   35	    41.4
    1	   36	    31.6
    1	   37	    34.7
    1	   38	    24.5
    1	   39	    16.3
    1	   40	    53.5
    1	   41	    29.5
    1	   42	     2.4
    1	   43	     5.6
    1	   44	    54.9
    1	   45	    22.7
    1	   46	    39.8
    1	   47	     4.6
    1	   48	    41.3
    1	   49	     4.9
    1	   50	    29.4
    1	   51	    28.4
    2	    1	    21.3
    2	    3	    40.7
    2	    4	    24.7
    2	    5	    27.9
    2	    6	    12.8
    2	    7	    23.9
    2	    8	    12.3
    2	    9	    30.7
    2	   10	    21.5
    2	   11	    20.2
    2	   12	    13.6
    2	   13	    21.0
    2	   14	    21.9
    2	   15	    11.2
    2	   16	    14.3
    2	   17	     6.0
    2	   18	    23.8
    2	   19	    29.3
    2	   20	    18.6
    2	   21	    34.3
    2	   22	    12.0
    2	   23	    19.4
    2	   24	     7.7
    2	   25	    23.8
    2	   26	    34.4
    2	   27	    20.8
    2	   28	    20.4
    2	   29	    16.8
    2	   30	    22.7
    2	   31	    20.9
    2	   32	    24.6
    2	   33	    16.4
    2	   34	    27.3
    2	   35	    26.2
    2	   36	    23.1
    2	   37	    13.5
    2	   38	    22.7
    2	   39	    13.1
    2	   40	    32.2
    2	   41	    11.9
    2	   42	    22.3
    2	   43	    23.9
    2	   44	    34.3
    2	   45	     7.8
    2	   46	    34.1
    2	   47	    17.1
    2	   48	    20.3
    2	   49	    25.8
    2	   50	    16.0
    2	   51	     7.5
    3	    1	    61.6
    3	    2	    40.7
    3	    4	    34.2
    3	    5	    39.4
    3	    6	    34.7
    3	    7	    34.7
    3	    8	    41.6
    3	    9	    42.4
    3	   10	    26.3
    3	   11	    34.9
    3	   12	    42.8
    3	   13	    61.7
    3	   14	    18.9
    3	   15	    29.9
    3	   16	    54.9
    3	   17	    34.8
    3	   18	    50.7
    3	   19	    11.5
    3	   20	    58.8
    3	   21	    46.0
    3	   22	    38.3
    3	   23	    33.9
    3	   24	    48.1
    3	   25	    64.2
    3	   26	    10.6
    3	   27	    41.8
    3	   28	    37.9
    3	   29	    52.6
    3	   30	    18.1
    3	   31	    25.1
    3	   32	    16.5
    3	   33	    52.8
    3	   34	    14.5
    3	   35	    29.4
    3	   36	    41.7
    3	   37	    28.9
    3	   38	    49.6
    3	   39	    51.9
    3	   40	    10.4
    3	   41	    38.3
    3	   42	    62.3
    3	   43	    64.6
    3	   44	     7.4
    3	   45	    39.7
    3	   46	    47.4
    3	   47	    57.7
    3	   48	    20.5
    3	   49	    66.3
    3	   50	    36.5
    3	   51	    33.3
    4	    1	    42.7
    4	    2	    24.7
    4	    3	    34.2
    4	    5	    46.5
    4	    6	    31.6
    4	    7	     0.9
    4	    8	    35.3
    4	    9	     9.1
    4	   10	     9.3
    4	   11	     4.6
    4	   12	    15.1
    4	   13	    39.9
    4	   14	    21.7
    4	   15	    23.3
    4	   16	    35.8
    4	   17	    22.7
    4	   18	    47.5
    4	   19	    26.2
    4	   20	    34.9
    4	   21	    54.1
    4	   22	    13.2
    4	   23	    36.9
    4	   24	    27.7
    4	   25	    44.9
    4	   26	    34.8
    4	   27	    42.1
    4	   28	    39.9
    4	   29	    41.4
    4	   30	    24.1
    4	   31	    31.7
    4	   32	    25.9
    4	   33	    25.3
    4	   34	    21.0
    4	   35	    39.9
    4	   36	    43.9
    4	   37	    15.1
    4	   38	    46.3
    4	   39	    27.3
    4	   40	    23.9
    4	   41	    13.4
    4	   42	    44.5
    4	   43	    42.9
    4	   44	    31.9
    4	   45	    30.6
    4	   46	    54.5
    4	   47	    38.1
    4	   48	    22.0
    4	   49	    46.0
    4	   50	    35.6
    4	   51	    22.9
    5	    1	    37.8
    5	    2	    27.9
    5	    3	    39.4
    5	    4	    46.5
    5	    6	    15.7
    5	    7	    46.1
    5	    8	    16.7
    5	    9	    54.8
    5	   10	    38.7
    5	   11	    43.0
    5	   12	    40.8
    5	   13	    41.3
    5	   14	    28.7
    5	   15	    23.3
    5	   16	    34.4
    5	   17	    25.5
    5	   18	    15.3
    5	   19	    31.5
    5	   20	    42.3
    5	   21	     7.7
    5	   22	    37.6
    5	   23	     9.7
    5	   24	    33.6
    5	   25	    39.9
    5	   26	    28.9
    5	   27	     8.6
    5	   28	     7.5
    5	   29	    24.4
    5	   30	    26.9
    5	   31	    16.7
    5	   32	    26.7
    5	   33	    43.9
    5	   34	    34.3
    5	   35	    10.1
    5	   36	     6.2
    5	   37	    31.4
    5	   38	    14.8
    5	   39	    39.8
    5	   40	    37.4
    5	   41	    37.5
    5	   42	    36.9
    5	   43	    43.1
    5	   44	    32.2
    5	   45	    20.3
    5	   46	     8.6
    5	   47	    36.4
    5	   48	    27.2
    5	   49	    42.4
    5	   50	    12.0
    5	   51	    24.6
    6	    1	    28.8
    6	    2	    12.8
    6	    3	    34.7
    6	    4	    31.6
    6	    5	    15.7
    6	    7	    31.1
    6	    8	     6.9
    6	    9	    39.5
    6	   10	    24.8
    6	   11	    27.8
    6	   12	    25.1
    6	   13	    30.6
    6	   14	    18.1
    6	   15	     8.6
    6	   16	    23.2
    6	   17	     9.8
    6	   18	    17.6
    6	   19	    24.0
    6	   20	    29.9
    6	   21	    22.8
    6	   22	    21.9
    6	   23	     6.6
    6	   24	    19.7
    6	   25	    31.3
    6	   26	    26.0
    6	   27	    10.6
    6	   28	     8.5
    6	   29	    17.9
    6	   30	    17.5
    6	   31	    10.5
    6	   32	    18.5
    6	   33	    29.2
    6	   34	    24.5
    6	   35	    13.7
    6	   36	    12.3
    6	   37	    16.7
    6	   38	    16.4
    6	   39	    25.6
    6	   40	    28.8
    6	   41	    21.8
    6	   42	    28.8
    6	   43	    33.0
    6	   44	    27.5
    6	   45	     6.4
    6	   46	    23.0
    6	   47	    25.8
    6	   48	    16.3
    6	   49	    33.7
    6	   50	     4.0
    6	   51	     9.0
    7	    1	    41.8
    7	    2	    23.9
    7	    3	    34.7
    7	    4	     0.9
    7	    5	    46.1
    7	    6	    31.1
    7	    8	    34.6
    7	    9	     9.2
    7	   10	     9.4
    7	   11	     3.8
    7	   12	    14.2
    7	   13	    39.0
    7	   14	    21.7
    7	   15	    22.9
    7	   16	    34.9
    7	   17	    22.1
    7	   18	    46.9
    7	   19	    26.4
    7	   20	    34.0
    7	   21	    53.6
    7	   22	    12.4
    7	   23	    36.5
    7	   24	    26.8
    7	   25	    43.9
    7	   26	    35.0
    7	   27	    41.6
    7	   28	    39.5
    7	   29	    40.7
    7	   30	    24.1
    7	   31	    31.5
    7	   32	    26.0
    7	   33	    24.4
    7	   34	    21.3
    7	   35	    39.6
    7	   36	    43.4
    7	   37	    14.7
    7	   38	    45.7
    7	   39	    26.4
    7	   40	    24.4
    7	   41	    12.6
    7	   42	    43.6
    7	   43	    41.9
    7	   44	    32.2
    7	   45	    29.9
    7	   46	    54.0
    7	   47	    37.2
    7	   48	    21.9
    7	   49	    45.1
    7	   50	    35.1
    7	   51	    22.3
    8	    1	    22.9
    8	    2	    12.3
    8	    3	    41.6
    8	    4	    35.3
    8	    5	    16.7
    8	    6	     6.9
    8	    7	    34.6
    8	    9	    42.3
    8	   10	    29.7
    8	   11	    31.0
    8	   12	    25.9
    8	   13	    25.5
    8	   14	    24.6
    8	   15	    14.0
    8	   16	    18.2
    8	   17	    12.6
    8	   18	    12.3
    8	   19	    30.8
    8	   20	    25.8
    8	   21	    22.3
    8	   22	    23.8
    8	   23	    10.6
    8	   24	    16.9
    8	   25	    25.3
    8	   26	    32.8
    8	   27	     8.7
    8	   28	     9.5
    8	   29	    11.2
    8	   30	    24.2
    8	   31	    17.1
    8	   32	    25.3
    8	   33	    27.4
    8	   34	    30.9
    8	   35	    18.5
    8	   36	    11.2
    8	   37	    21.2
    8	   38	    11.1
    8	   39	    23.1
    8	   40	    35.4
    8	   41	    23.6
    8	   42	    22.7
    8	   43	    27.6
    8	   44	    34.3
    8	   45	     4.8
    8	   46	    22.0
    8	   47	    20.5
    8	   48	    22.7
    8	   49	    27.8
    8	   50	     6.5
    8	   51	    12.7
    9	    1	    45.8
    9	    2	    30.7
    9	    3	    42.4
    9	    4	     9.1
    9	    5	    54.8
    9	    6	    39.5
    9	    7	     9.2
    9	    8	    42.3
    9	   10	    18.4
    9	   11	    11.8
    9	   12	    18.3
    9	   13	    42.0
    9	   14	    30.8
    9	   15	    31.6
    9	   16	    39.3
    9	   17	    30.1
    9	   18	    54.3
    9	   19	    35.1
    9	   20	    36.5
    9	   21	    62.2
    9	   22	    18.7
    9	   23	    45.2
    9	   24	    31.7
    9	   25	    47.6
    9	   26	    43.8
    9	   27	    49.8
    9	   28	    48.0
    9	   29	    46.9
    9	   30	    33.2
    9	   31	    40.6
    9	   32	    35.0
    9	   33	    26.3
    9	   34	    29.9
    9	   35	    48.7
    9	   36	    51.7
    9	   37	    23.6
    9	   38	    53.2
    9	   39	    29.5
    9	   40	    32.4
    9	   41	    18.9
    9	   42	    47.8
    9	   43	    44.8
    9	   44	    40.7
    9	   45	    37.5
    9	   46	    62.6
    9	   47	    41.3
    9	   48	    31.1
    9	   49	    48.3
    9	   50	    43.5
    9	   51	    30.5
   10	    1	    42.0
   10	    2	    21.5
   10	    3	    26.3
   10	    4	     9.3
   10	    5	    38.7
   10	    6	    24.8
   10	    7	     9.4
   10	    8	    29.7
   10	    9	    18.4
   10	   11	     8.7
   10	   12	    17.5
   10	   13	    40.3
   10	   14	    12.4
   10	   15	    16.2
   10	   16	    34.8
   10	   17	    17.5
   10	   18	    41.9
   10	   19	    17.2
   10	   20	    36.1
   10	   21	    46.4
   10	   22	    13.4
   10	   23	    29.2
   10	   24	    26.8
   10	   25	    44.4
   10	   26	    25.7
   10	   27	    35.4
   10	   28	    32.7
   10	   29	    37.8
   10	   30	    14.8
   10	   31	    23.0
   10	   32	    16.6
   10	   33	    28.1
   10	   34	    12.2
   10	   35	    31.3
   10	   36	    36.9
   10	   37	     8.5
   10	   38	    40.7
   10	   39	    28.5
   10	   40	    15.9
   10	   41	    13.5
   10	   42	    43.4
   10	   43	    43.3
   10	   44	    23.0
   10	   45	    25.4
   10	   46	    47.0
   10	   47	    37.5
   10	   48	    12.9
   10	   49	    46.0
   10	   50	    28.7
   10	   51	    17.1
   11	    1	    38.2
   11	    2	    20.2
   11	    3	    34.9
   11	    4	     4.6
   11	    5	    43.0
   11	    6	    27.8
   11	    7	     3.8
   11	    8	    31.0
   11	    9	    11.8
   11	   10	     8.7
   11	   12	    10.9
   11	   13	    35.5
   11	   14	    20.2
   11	   15	    19.7
   11	   16	    31.2
   11	   17	    18.5
   11	   18	    43.2
   11	   19	    25.7
   11	   20	    30.6
   11	   21	    50.5
   11	   22	     8.6
   11	   23	    33.4
   11	   24	    23.1
   11	   25	    40.3
   11	   26	    34.1
   11	   27	    38.2
   11	   28	    36.2
   11	   29	    36.9
   11	   30	    22.5
   11	   31	    29.0
   11	   32	    24.5
   11	   33	    21.4
   11	   34	    20.9
   11	   35	    37.0
   11	   36	    40.0
   11	   37	    11.8
   11	   38	    42.0
   11	   39	    23.0
   11	   40	    24.6
   11	   41	     8.8
   11	   42	    39.9
   11	   43	    38.5
   11	   44	    31.6
   11	   45	    26.3
   11	   46	    50.8
   11	   47	    33.6
   11	   48	    20.1
   11	   49	    41.6
   11	   50	    31.8
   11	   51	    18.9
   12	    1	    27.9
   12	    2	    13.6
   12	    3	    42.8
   12	    4	    15.1
   12	    5	    40.8
   12	    6	    25.1
   12	    7	    14.2
   12	    8	    25.9
   12	    9	    18.3
   12	   10	    17.5
   12	   11	    10.9
   12	   13	    24.8
   12	   14	    25.3
   12	   15	    19.4
   12	   16	    21.2
   12	   17	    15.5
   12	   18	    37.3
   12	   19	    32.2
   12	   20	    19.8
   12	   21	    47.6
   12	   22	     4.7
   12	   23	    31.6
   12	   24	    13.4
   12	   25	    29.9
   12	   26	    39.6
   12	   27	    34.3
   12	   28	    33.4
   12	   29	    28.9
   12	   30	    27.2
   12	   31	    30.2
   12	   32	    29.3
   12	   33	    10.7
   12	   34	    28.3
   12	   35	    37.2
   12	   36	    36.5
   12	   37	    14.6
   12	   38	    36.2
   12	   39	    12.2
   12	   40	    32.7
   12	   41	     4.7
   12	   42	    29.8
   12	   43	    27.8
   12	   44	    38.1
   12	   45	    21.3
   12	   46	    47.5
   12	   47	    23.3
   12	   48	    24.4
   12	   49	    31.0
   12	   50	    28.8
   12	   51	    16.7
   13	    1	     5.5
   13	    2	    21.0
   13	    3	    61.7
   13	    4	    39.9
   13	    5	    41.3
   13	    6	    30.6
   13	    7	    39.0
   13	    8	    25.5
   13	    9	    42.0
   13	   10	    40.3
   13	   11	    35.5
   13	   12	    24.8
   13	   14	    42.9
   13	   15	    32.0
   13	   16	     7.3
   13	   17	    26.9
   13	   18	    29.2
   13	   19	    50.3
   13	   20	     5.7
   13	   21	    45.0
   13	   22	    27.3
   13	   23	    36.0
   13	   24	    13.8
   13	   25	     6.0
   13	   26	    55.1
   13	   27	    32.8
   13	   28	    34.8
   13	   29	    17.7
   13	   30	    43.7
   13	   31	    40.6
   13	   32	    45.6
   13	   33	    15.9
   13	   34	    48.1
   13	   35	    43.8
   13	   36	    35.1
   13	   37	    33.7
   13	   38	    28.8
   13	   39	    12.7
   13	   40	    53.0
   13	   41	    27.2
   13	   42	     7.8
   13	   43	     3.0
   13	   44	    55.3
   13	   45	    24.2
   13	   46	    44.0
   13	   47	     4.9
   13	   48	    41.3
   13	   49	     6.3
   13	   50	    31.8
   13	   51	    28.5
   14	    1	    43.0
   14	    2	    21.9
   14	    3	    18.9
   14	    4	    21.7
   14	    5	    28.7
   14	    6	    18.1
   14	    7	    21.7
   14	    8	    24.6
   14	    9	    30.8
   14	   10	    12.4
   14	   11	    20.2
   14	   12	    25.3
   14	   13	    42.9
   14	   15	    11.4
   14	   16	    36.1
   14	   17	    16.0
   14	   18	    35.6
   14	   19	     7.5
   14	   20	    40.0
   14	   21	    36.3
   14	   22	    20.6
   14	   23	    20.1
   14	   24	    29.2
   14	   25	    45.5
   14	   26	    14.4
   14	   27	    27.5
   14	   28	    24.1
   14	   29	    35.0
   14	   30	     2.4
   14	   31	    12.0
   14	   32	     4.4
   14	   33	    34.5
   14	   34	     6.4
   14	   35	    20.0
   14	   36	    28.4
   14	   37	    10.7
   14	   38	    34.4
   14	   39	    33.2
   14	   40	    10.9
   14	   41	    20.6
   14	   42	    43.7
   14	   43	    45.8
   14	   44	    13.0
   14	   45	    21.7
   14	   46	    37.2
   14	   47	    38.9
   14	   48	     1.9
   14	   49	    47.6
   14	   50	    21.1
   14	   51	    14.6
   15	    1	    31.7
   15	    2	    11.2
   15	    3	    29.9
   15	    4	    23.3
   15	    5	    23.3
   15	    6	     8.6
   15	    7	    22.9
   15	    8	    14.0
   15	    9	    31.6
   15	   10	    16.2
   15	   11	    19.7
   15	   12	    19.4
   15	   13	    32.0
   15	   14	    11.4
   15	   16	    25.0
   15	   17	     5.3
   15	   18	    25.8
   15	   19	    18.5
   15	   20	    29.8
   15	   21	    30.8
   15	   22	    15.3
   15	   23	    13.6
   15	   24	    18.9
   15	   25	    34.3
   15	   26	    23.2
   15	   27	    19.1
   15	   28	    16.7
   15	   29	    23.7
   15	   30	    11.8
   15	   31	    10.9
   15	   32	    13.6
   15	   33	    26.2
   15	   34	    17.5
   15	   35	    18.0
   15	   36	    20.7
   15	   37	     8.2
   15	   38	    24.6
   15	   39	    23.8
   15	   40	    22.2
   15	   41	    15.2
   15	   42	    32.4
   15	   43	    34.9
   15	   44	    23.3
   15	   45	    10.5
   15	   46	    31.2
   15	   47	    27.8
   15	   48	     9.6
   15	   49	    36.4
   15	   50	    12.5
   15	   51	     3.6
   16	    1	     7.2
   16	    2	    14.3
   16	    3	    54.9
   16	    4	    35.8
   16	    5	    34.4
   16	    6	    23.2
   16	    7	    34.9
   16	    8	    18.2
   16	    9	    39.3
   16	   10	    34.8
   16	   11	    31.2
   16	   12	    21.2
   16	   13	     7.3
   16	   14	    36.1
   16	   15	    25.0
   16	   17	    20.1
   16	   18	    23.5
   16	   19	    43.4
   16	   20	     8.2
   16	   21	    38.7
   16	   22	    22.6
   16	   23	    28.7
   16	   24	     8.2
   16	   25	     9.6
   16	   26	    47.9
   16	   27	    25.9
   16	   28	    27.7
   16	   29	    12.0
   16	   30	    36.8
   16	   31	    33.3
   16	   32	    38.6
   16	   33	    15.1
   16	   34	    41.6
   16	   35	    36.5
   16	   36	    28.4
   16	   37	    27.5
   16	   38	    22.9
   16	   39	    10.4
   16	   40	    46.5
   16	   41	    22.5
   16	   42	     8.7
   16	   43	     9.9
   16	   44	    48.3
   16	   45	    16.8
   16	   46	    37.8
   16	   47	     2.8
   16	   48	    34.4
   16	   49	    11.5
   16	   50	    24.6
   16	   51	    21.6
   17	    1	    27.0
   17	    2	     6.0
   17	    3	    34.8
   17	    4	    22.7
   17	    5	    25.5
   17	    6	     9.8
   17	    7	    22.1
   17	    8	    12.6
   17	    9	    30.1
   17	   10	    17.5
   17	   11	    18.5
   17	   12	    15.5
   17	   13	    26.9
   17	   14	    16.0
   17	   15	     5.3
   17	   16	    20.1
   17	   18	    24.9
   17	   19	    23.4
   17	   20	    24.5
   17	   21	    32.6
   17	   22	    12.1
   17	   23	    16.2
   17	   24	    13.6
   17	   25	    29.5
   17	   26	    28.4
   17	   27	    19.8
   17	   28	    18.2
   17	   29	    20.4
   17	   30	    16.8
   17	   31	    15.7
   17	   32	    18.7
   17	   33	    21.1
   17	   34	    21.7
   17	   35	    22.0
   17	   36	    21.8
   17	   37	     9.0
   17	   38	    23.7
   17	   39	    18.5
   17	   40	    26.5
   17	   41	    12.0
   17	   42	    27.8
   17	   43	    29.8
   17	   44	    28.4
   17	   45	     8.0
   17	   46	    32.7
   17	   47	    22.9
   17	   48	    14.3
   17	   49	    31.5
   17	   50	    13.7
   17	   51	     1.6
   18	    1	    24.8
   18	    2	    23.8
   18	    3	    50.7
   18	    4	    47.5
   18	    5	    15.3
   18	    6	    17.6
   18	    7	    46.9
   18	    8	    12.3
   18	    9	    54.3
   18	   10	    41.9
   18	   11	    43.2
   18	   12	    37.3
   18	   13	    29.2
   18	   14	    35.6
   18	   15	    25.8
   18	   16	    23.5
   18	   17	    24.9
   18	   19	    40.8
   18	   20	    31.8
   18	   21	    16.3
   18	   22	    35.7
   18	   23	    16.8
   18	   24	    26.0
   18	   25	    26.4
   18	   26	    40.8
   18	   27	     9.0
   18	   28	    12.9
   18	   29	    11.6
   18	   30	    34.7
   18	   31	    25.7
   18	   32	    35.3
   18	   33	    36.5
   18	   34	    41.9
   18	   35	    22.9
   18	   36	     9.8
   18	   37	    33.4
   18	   38	     1.2
   18	   39	    31.8
   18	   40	    46.0
   18	   41	    35.5
   18	   42	    23.3
   18	   43	    30.3
   18	   44	    43.2
   18	   45	    16.9
   18	   46	    15.1
   18	   47	    24.7
   18	   48	    33.7
   18	   49	    28.8
   18	   50	    14.6
   18	   51	    24.9
   19	    1	    50.2
   19	    2	    29.3
   19	    3	    11.5
   19	    4	    26.2
   19	    5	    31.5
   19	    6	    24.0
   19	    7	    26.4
   19	    8	    30.8
   19	    9	    35.1
   19	   10	    17.2
   19	   11	    25.7
   19	   12	    32.2
   19	   13	    50.3
   19	   14	     7.5
   19	   15	    18.5
   19	   16	    43.4
   19	   17	    23.4
   19	   18	    40.8
   19	   20	    47.4
   19	   21	    38.8
   19	   22	    27.6
   19	   23	    24.3
   19	   24	    36.7
   19	   25	    52.8
   19	   26	     8.7
   19	   27	    32.2
   19	   28	    28.4
   19	   29	    41.5
   19	   30	     6.7
   19	   31	    15.4
   19	   32	     5.5
   19	   33	    41.8
   19	   34	     5.3
   19	   35	    21.7
   19	   36	    32.5
   19	   37	    17.9
   19	   38	    39.6
   19	   39	    40.6
   19	   40	     6.0
   19	   41	    27.6
   19	   42	    50.9
   19	   43	    53.2
   19	   44	     5.9
   19	   45	    28.5
   19	   46	    40.0
   19	   47	    46.3
   19	   48	     9.0
   19	   49	    54.9
   19	   50	    26.2
   19	   51	    21.9
   20	    1	    10.6
   20	    2	    18.6
   20	    3	    58.8
   20	    4	    34.9
   20	    5	    42.3
   20	    6	    29.9
   20	    7	    34.0
   20	    8	    25.8
   20	    9	    36.5
   20	   10	    36.1
   20	   11	    30.6
   20	   12	    19.8
   20	   13	     5.7
   20	   14	    40.0
   20	   15	    29.8
   20	   16	     8.2
   20	   17	    24.5
   20	   18	    31.8
   20	   19	    47.4
   20	   21	    46.8
   20	   22	    22.8
   20	   23	    35.8
   20	   24	    10.9
   20	   25	    11.7
   20	   26	    53.0
   20	   27	    33.9
   20	   28	    35.3
   20	   29	    20.2
   20	   30	    41.1
   20	   31	    39.3
   20	   32	    43.1
   20	   33	    10.3
   20	   34	    44.8
   20	   35	    43.4
   20	   36	    36.3
   20	   37	    30.2
   20	   38	    31.2
   20	   39	     7.7
   20	   40	    49.6
   20	   41	    22.7
   20	   42	    13.0
   20	   43	     8.3
   20	   44	    52.8
   20	   45	    23.5
   20	   46	    46.0
   20	   47	     7.6
   20	   48	    38.5
   20	   49	    11.9
   20	   50	    31.8
   20	   51	    26.1
   21	    1	    40.9
   21	    2	    34.3
   21	    3	    46.0
   21	    4	    54.1
   21	    5	     7.7
   21	    6	    22.8
   21	    7	    53.6
   21	    8	    22.3
   21	    9	    62.2
   21	   10	    46.4
   21	   11	    50.5
   21	   12	    47.6
   21	   13	    45.0
   21	   14	    36.3
   21	   15	    30.8
   21	   16	    38.7
   21	   17	    32.6
   21	   18	    16.3
   21	   19	    38.8
   21	   20	    46.8
   21	   22	    44.7
   21	   23	    17.2
   21	   24	    39.1
   21	   25	    42.7
   21	   26	    35.4
   21	   27	    13.6
   21	   28	    14.4
   21	   29	    27.4
   21	   30	    34.5
   21	   31	    24.3
   21	   32	    34.2
   21	   33	    49.7
   21	   34	    41.8
   21	   35	    17.1
   21	   36	    11.2
   21	   37	    38.9
   21	   38	    16.4
   21	   39	    45.3
   21	   40	    44.7
   21	   41	    44.6
   21	   42	    39.6
   21	   43	    46.4
   21	   44	    39.0
   21	   45	    26.5
   21	   46	     1.8
   21	   47	    40.2
   21	   48	    34.9
   21	   49	    45.1
   21	   50	    18.9
   21	   51	    31.8
   22	    1	    29.7
   22	    2	    12.0
   22	    3	    38.3
   22	    4	    13.2
   22	    5	    37.6
   22	    6	    21.9
   22	    7	    12.4
   22	    8	    23.8
   22	    9	    18.7
   22	   10	    13.4
   22	   11	     8.6
   22	   12	     4.7
   22	   13	    27.3
   22	   14	    20.6
   22	   15	    15.3
   22	   16	    22.6
   22	   17	    12.1
   22	   18	    35.7
   22	   19	    27.6
   22	   20	    22.8
   22	   21	    44.7
   22	   23	    28.2
   22	   24	    14.5
   22	   25	    31.9
   22	   26	    35.0
   22	   27	    31.7
   22	   28	    30.3
   22	   29	    28.5
   22	   30	    22.5
   22	   31	    26.0
   22	   32	    24.7
   22	   33	    14.7
   22	   34	    23.8
   22	   35	    33.3
   22	   36	    33.8
   22	   37	    10.0
   22	   38	    34.6
   22	   39	    15.1
   22	   40	    28.3
   22	   41	     0.2
   22	   42	    31.4
   22	   43	    30.4
   22	   44	    33.5
   22	   45	    19.0
   22	   46	    44.8
   22	   47	    25.1
   22	   48	    19.8
   22	   49	    33.3
   22	   50	    25.8
   22	   51	    13.1
   23	    1	    33.6
   23	    2	    19.4
   23	    3	    33.9
   23	    4	    36.9
   23	    5	     9.7
   23	    6	     6.6
   23	    7	    36.5
   23	    8	    10.6
   23	    9	    45.2
   23	   10	    29.2
   23	   11	    33.4
   23	   12	    31.6
   23	   13	    36.0
   23	   14	    20.1
   23	   15	    13.6
   23	   16	    28.7
   23	   17	    16.2
   23	   18	    16.8
   23	   19	    24.3
   23	   20	    35.8
   23	   21	    17.2
   23	   22	    28.2
   23	   24	    26.0
   23	   25	    35.9
   23	   26	    24.0
   23	   27	     8.0
   23	   28	     4.1
   23	   29	    21.2
   23	   30	    18.7
   23	   31	     8.9
   23	   32	    19.0
   23	   33	    35.8
   23	   34	    26.1
   23	   35	     7.8
   23	   36	     8.3
   23	   37	    21.7
   23	   38	    15.8
   23	   39	    32.1
   23	   40	    29.8
   23	   41	    28.1
   23	   42	    33.2
   23	   43	    38.2
   23	   44	    26.4
   23	   45	    12.5
   23	   46	    17.8
   23	   47	    31.1
   23	   48	    18.4
   23	   49	    38.4
   23	   50	     4.1
   23	   51	    15.1
   24	    1	    15.3
   24	    2	     7.7
   24	    3	    48.1
   24	    4	    27.7
   24	    5	    33.6
   24	    6	    19.7
   24	    7	    26.8
   24	    8	    16.9
   24	    9	    31.7
   24	   10	    26.8
   24	   11	    23.1
   24	   12	    13.4
   24	   13	    13.8
   24	   14	    29.2
   24	   15	    18.9
   24	   16	     8.2
   24	   17	    13.6
   24	   18	    26.0
   24	   19	    36.7
   24	   20	    10.9
   24	   21	    39.1
   24	   22	    14.5
   24	   23	    26.0
   24	   25	    17.6
   24	   26	    42.1
   24	   27	    25.6
   24	   28	    26.2
   24	   29	    16.1
   24	   30	    30.3
   24	   31	    28.5
   24	   32	    32.2
   24	   33	    10.6
   24	   34	    34.3
   24	   35	    33.3
   24	   36	    28.1
   24	   37	    19.9
   24	   38	    25.1
   24	   39	     6.2
   24	   40	    39.2
   24	   41	    14.3
   24	   42	    16.9
   24	   43	    16.8
   24	   44	    41.9
   24	   45	    13.5
   24	   46	    38.6
   24	   47	    10.7
   24	   48	    27.7
   24	   49	    19.2
   24	   50	    22.2
   24	   51	    15.2
   25	    1	     2.5
   25	    2	    23.8
   25	    3	    64.2
   25	    4	    44.9
   25	    5	    39.9
   25	    6	    31.3
   25	    7	    43.9
   25	    8	    25.3
   25	    9	    47.6
   25	   10	    44.4
   25	   11	    40.3
   25	   12	    29.9
   25	   13	     6.0
   25	   14	    45.5
   25	   15	    34.3
   25	   16	     9.6
   25	   17	    29.5
   25	   18	    26.4
   25	   19	    52.8
   25	   20	    11.7
   25	   21	    42.7
   25	   22	    31.9
   25	   23	    35.9
   25	   24	    17.6
   25	   26	    56.8
   25	   27	    31.5
   25	   28	    34.1
   25	   29	    15.6
   25	   30	    46.1
   25	   31	    41.7
   25	   32	    47.8
   25	   33	    21.7
   25	   34	    51.1
   25	   35	    43.8
   25	   36	    33.7
   25	   37	    37.2
   25	   38	    26.3
   25	   39	    18.0
   25	   40	    56.0
   25	   41	    31.8
   25	   42	     3.1
   25	   43	     4.8
   25	   44	    57.5
   25	   45	    25.2
   25	   46	    41.5
   25	   47	     6.9
   25	   48	    43.8
   25	   49	     2.5
   25	   50	    31.8
   25	   51	    30.9
   26	    1	    54.3
   26	    2	    34.4
   26	    3	    10.6
   26	    4	    34.8
   26	    5	    28.9
   26	    6	    26.0
   26	    7	    35.0
   26	    8	    32.8
   26	    9	    43.8
   26	   10	    25.7
   26	   11	    34.1
   26	   12	    39.6
   26	   13	    55.1
   26	   14	    14.4
   26	   15	    23.2
   26	   16	    47.9
   26	   17	    28.4
   26	   18	    40.8
   26	   19	     8.7
   26	   20	    53.0
   26	   21	    35.4
   26	   22	    35.0
   26	   23	    24.0
   26	   24	    42.1
   26	   25	    56.8
   26	   27	    31.9
   26	   28	    27.9
   26	   29	    43.9
   26	   30	    12.5
   26	   31	    15.7
   26	   32	    10.3
   26	   33	    48.5
   26	   34	    14.0
   26	   35	    18.9
   26	   36	    31.5
   26	   37	    25.0
   26	   38	    39.8
   26	   39	    46.7
   26	   40	    13.2
   26	   41	    35.0
   26	   42	    54.6
   26	   43	    57.8
   26	   44	     4.3
   26	   45	    31.7
   26	   46	    36.8
   26	   47	    50.7
   26	   48	    15.2
   26	   49	    59.1
   26	   50	    27.1
   26	   51	    26.8
   27	    1	    29.3
   27	    2	    20.8
   27	    3	    41.8
   27	    4	    42.1
   27	    5	     8.6
   27	    6	    10.6
   27	    7	    41.6
   27	    8	     8.7
   27	    9	    49.8
   27	   10	    35.4
   27	   11	    38.2
   27	   12	    34.3
   27	   13	    32.8
   27	   14	    27.5
   27	   15	    19.1
   27	   16	    25.9
   27	   17	    19.8
   27	   18	     9.0
   27	   19	    32.2
   27	   20	    33.9
   27	   21	    13.6
   27	   22	    31.7
   27	   23	     8.0
   27	   24	    25.6
   27	   25	    31.5
   27	   26	    31.9
   27	   28	     4.0
   27	   29	    16.0
   27	   30	    26.4
   27	   31	    16.9
   27	   32	    26.9
   27	   33	    36.1
   27	   34	    33.8
   27	   35	    14.1
   27	   36	     2.5
   27	   37	    27.2
   27	   38	     8.0
   27	   39	    31.8
   27	   40	    37.6
   27	   41	    31.5
   27	   42	    28.5
   27	   43	    34.5
   27	   44	    34.4
   27	   45	    13.0
   27	   46	    13.3
   27	   47	    27.9
   27	   48	    25.8
   27	   49	    34.0
   27	   50	     6.7
   27	   51	    19.3
   28	    1	    31.8
   28	    2	    20.4
   28	    3	    37.9
   28	    4	    39.9
   28	    5	     7.5
   28	    6	     8.5
   28	    7	    39.5
   28	    8	     9.5
   28	    9	    48.0
   28	   10	    32.7
   28	   11	    36.2
   28	   12	    33.4
   28	   13	    34.8
   28	   14	    24.1
   28	   15	    16.7
   28	   16	    27.7
   28	   17	    18.2
   28	   18	    12.9
   28	   19	    28.4
   28	   20	    35.3
   28	   21	    14.4
   28	   22	    30.3
   28	   23	     4.1
   28	   24	    26.2
   28	   25	    34.1
   28	   26	    27.9
   28	   27	     4.0
   28	   29	    18.8
   28	   30	    22.8
   28	   31	    13.0
   28	   32	    23.1
   28	   33	    36.4
   28	   34	    30.2
   28	   35	    10.4
   28	   36	     4.3
   28	   37	    24.8
   28	   38	    12.0
   28	   39	    32.3
   28	   40	    33.9
   28	   41	    30.2
   28	   42	    31.2
   28	   43	    36.8
   28	   44	    30.4
   28	   45	    12.8
   28	   46	    14.6
   28	   47	    29.8
   28	   48	    22.4
   28	   49	    36.5
   28	   50	     4.6
   28	   51	    17.5
   29	    1	    13.6
   29	    2	    16.8
   29	    3	    52.6
   29	    4	    41.4
   29	    5	    24.4
   29	    6	    17.9
   29	    7	    40.7
   29	    8	    11.2
   29	    9	    46.9
   29	   10	    37.8
   29	   11	    36.9
   29	   12	    28.9
   29	   13	    17.7
   29	   14	    35.0
   29	   15	    23.7
   29	   16	    12.0
   29	   17	    20.4
   29	   18	    11.6
   29	   19	    41.5
   29	   20	    20.2
   29	   21	    27.4
   29	   22	    28.5
   29	   23	    21.2
   29	   24	    16.1
   29	   25	    15.6
   29	   26	    43.9
   29	   27	    16.0
   29	   28	    18.8
   29	   30	    34.9
   29	   31	    28.3
   29	   32	    36.2
   29	   33	    26.0
   29	   34	    41.2
   29	   35	    28.9
   29	   36	    18.1
   29	   37	    29.4
   29	   38	    11.2
   29	   39	    21.1
   29	   40	    45.8
   29	   41	    28.3
   29	   42	    12.6
   29	   43	    19.0
   29	   44	    45.4
   29	   45	    13.2
   29	   46	    26.4
   29	   47	    13.0
   29	   48	    33.1
   29	   49	    18.0
   29	   50	    17.3
   29	   51	    21.3
   30	    1	    43.5
   30	    2	    22.7
   30	    3	    18.1
   30	    4	    24.1
   30	    5	    26.9
   30	    6	    17.5
   30	    7	    24.1
   30	    8	    24.2
   30	    9	    33.2
   30	   10	    14.8
   30	   11	    22.5
   30	   12	    27.2
   30	   13	    43.7
   30	   14	     2.4
   30	   15	    11.8
   30	   16	    36.8
   30	   17	    16.8
   30	   18	    34.7
   30	   19	     6.7
   30	   20	    41.1
   30	   21	    34.5
   30	   22	    22.5
   30	   23	    18.7
   30	   24	    30.3
   30	   25	    46.1
   30	   26	    12.5
   30	   27	    26.4
   30	   28	    22.8
   30	   29	    34.9
   30	   31	    10.2
   30	   32	     2.2
   30	   33	    36.1
   30	   34	     7.4
   30	   35	    17.9
   30	   36	    27.0
   30	   37	    12.6
   30	   38	    33.5
   30	   39	    34.5
   30	   40	    11.3
   30	   41	    22.5
   30	   42	    44.2
   30	   43	    46.6
   30	   44	    11.7
   30	   45	    21.8
   30	   46	    35.5
   30	   47	    39.6
   30	   48	     2.8
   30	   49	    48.2
   30	   50	    20.1
   30	   51	    15.3
   31	    1	    39.2
   31	    2	    20.9
   31	    3	    25.1
   31	    4	    31.7
   31	    5	    16.7
   31	    6	    10.5
   31	    7	    31.5
   31	    8	    17.1
   31	    9	    40.6
   31	   10	    23.0
   31	   11	    29.0
   31	   12	    30.2
   31	   13	    40.6
   31	   14	    12.0
   31	   15	    10.9
   31	   16	    33.3
   31	   17	    15.7
   31	   18	    25.7
   31	   19	    15.4
   31	   20	    39.3
   31	   21	    24.3
   31	   22	    26.0
   31	   23	     8.9
   31	   24	    28.5
   31	   25	    41.7
   31	   26	    15.7
   31	   27	    16.9
   31	   28	    13.0
   31	   29	    28.3
   31	   30	    10.2
   31	   32	    10.2
   31	   33	    36.8
   31	   34	    17.6
   31	   35	     8.3
   31	   36	    17.2
   31	   37	    17.2
   31	   38	    24.6
   31	   39	    34.0
   31	   40	    21.0
   31	   41	    25.9
   31	   42	    39.3
   31	   43	    43.2
   31	   44	    17.6
   31	   45	    16.5
   31	   46	    25.3
   31	   47	    36.0
   31	   48	    10.7
   31	   49	    44.0
   31	   50	    11.5
   31	   51	    14.1
   32	    1	    45.2
   32	    2	    24.6
   32	    3	    16.5
   32	    4	    25.9
   32	    5	    26.7
   32	    6	    18.5
   32	    7	    26.0
   32	    8	    25.3
   32	    9	    35.0
   32	   10	    16.6
   32	   11	    24.5
   32	   12	    29.3
   32	   13	    45.6
   32	   14	     4.4
   32	   15	    13.6
   32	   16	    38.6
   32	   17	    18.7
   32	   18	    35.3
   32	   19	     5.5
   32	   20	    43.1
   32	   21	    34.2
   32	   22	    24.7
   32	   23	    19.0
   32	   24	    32.2
   32	   25	    47.8
   32	   26	    10.3
   32	   27	    26.9
   32	   28	    23.1
   32	   29	    36.2
   32	   30	     2.2
   32	   31	    10.2
   32	   33	    38.2
   32	   34	     7.7
   32	   35	    17.3
   32	   36	    27.3
   32	   37	    14.7
   32	   38	    34.2
   32	   39	    36.6
   32	   40	    10.8
   32	   41	    24.7
   32	   42	    45.8
   32	   43	    48.4
   32	   44	     9.7
   32	   45	    23.2
   32	   46	    35.2
   32	   47	    41.4
   32	   48	     4.9
   32	   49	    49.9
   32	   50	    20.8
   32	   51	    17.1
   33	    1	    20.3
   33	    2	    16.4
   33	    3	    52.8
   33	    4	    25.3
   33	    5	    43.9
   33	    6	    29.2
   33	    7	    24.4
   33	    8	    27.4
   33	    9	    26.3
   33	   10	    28.1
   33	   11	    21.4
   33	   12	    10.7
   33	   13	    15.9
   33	   14	    34.5
   33	   15	    26.2
   33	   16	    15.1
   33	   17	    21.1
   33	   18	    36.5
   33	   19	    41.8
   33	   20	    10.3
   33	   21	    49.7
   33	   22	    14.7
   33	   23	    35.8
   33	   24	    10.6
   33	   25	    21.7
   33	   26	    48.5
   33	   27	    36.1
   33	   28	    36.4
   33	   29	    26.0
   33	   30	    36.1
   33	   31	    36.8
   33	   32	    38.2
   33	   34	    38.3
   33	   35	    42.6
   33	   36	    38.6
   33	   37	    23.9
   33	   38	    35.7
   33	   39	     4.8
   33	   40	    42.9
   33	   41	    14.7
   33	   42	    22.5
   33	   43	    18.6
   33	   44	    47.5
   33	   45	    23.6
   33	   46	    49.2
   33	   47	    16.2
   33	   48	    33.3
   33	   49	    22.2
   33	   50	    32.2
   33	   51	    22.7
   34	    1	    48.6
   34	    2	    27.3
   34	    3	    14.5
   34	    4	    21.0
   34	    5	    34.3
   34	    6	    24.5
   34	    7	    21.3
   34	    8	    30.9
   34	    9	    29.9
   34	   10	    12.2
   34	   11	    20.9
   34	   12	    28.3
   34	   13	    48.1
   34	   14	     6.4
   34	   15	    17.5
   34	   16	    41.6
   34	   17	    21.7
   34	   18	    41.9
   34	   19	     5.3
   34	   20	    44.8
   34	   21	    41.8
   34	   22	    23.8
   34	   23	    26.1
   34	   24	    34.3
   34	   25	    51.1
