VEHICLE INFORMATION
Type	Number	Capacity	Endurance	 Speed	 Unit cost
Truck	    3	      500	     8.00	   35	   1.000
Drone	    1	       30	     1.00	   70	   0.200

CUSTOMER INFORMATION
Id 	X	Y	Demand_D	Demand_P
0  	25.00	25.00	    0.00	    0.00
1  	22.76	22.72	   16.00	   15.00
2  	37.71	34.59	   21.00	   22.00
3  	48.70	23.60	   21.00	    5.00
4  	0.68	16.33	   10.00	    8.00
5  	9.70	5.95	    7.00	    9.00
6  	7.50	30.38	   23.00	    2.00
7  	27.09	38.12	   11.00	   11.00
8  	26.73	18.30	   17.00	    7.00
9  	47.10	8.29	   21.00	   24.00
10 	8.64	49.08	   16.00	   15.00
11 	9.55	29.09	   16.00	   19.00
12 	45.45	29.78	    1.00	   11.00
13 	48.16	49.29	   16.00	    8.00
14 	0.15	45.12	    7.00	   14.00
15 	11.75	22.80	    7.00	    7.00
16 	10.91	2.18	   97.00	   32.00
17 	3.56	36.58	   21.00	    1.00
18 	38.89	28.06	   18.00	   21.00
19 	31.62	42.33	    1.00	   19.00
20 	18.03	8.10	   89.00	   65.00
21 	48.96	3.67	   16.00	   22.00
22 	42.98	24.70	   17.00	    0.00
23 	2.00	36.25	   13.00	    4.00
24 	45.30	10.78	    5.00	    7.00
25 	32.78	0.46	   13.00	   12.00
26 	13.37	1.24	    6.00	   20.00
27 	41.42	36.19	   20.00	   21.00
28 	49.96	3.20	    2.00	   13.00
29 	11.75	42.54	    1.00	   18.00
30 	46.06	27.32	   12.00	   22.00
31 	8.71	5.46	   91.00	   52.00
32 	33.11	8.04	   11.00	    8.00
33 	17.05	4.38	    0.00	   11.00
34 	26.10	22.01	   16.00	    2.00
35 	47.20	15.16	   24.00	    3.00
36 	21.75	16.92	   17.00	    8.00
37 	40.06	15.96	   19.00	   16.00
38 	18.41	5.60	    0.00	    2.00
39 	26.63	10.00	   12.00	    4.00
40 	5.39	20.66	   19.00	   14.00
41 	0.59	33.33	    8.00	    3.00
42 	20.56	15.94	    2.00	    7.00
43 	18.54	2.97	   24.00	   17.00
44 	41.71	19.05	    9.00	    4.00
45 	37.08	10.87	   22.00	    4.00
46 	0.82	1.26	    6.00	   21.00
47 	25.42	47.06	    1.00	    0.00
48 	4.20	20.33	   13.00	    9.00
49 	20.43	0.71	    6.00	   17.00
50 	48.49	24.05	    1.00	   10.00
51 	25.00	25.00	    0.00	    0.00

Distance For Drone
    0	    1	     3.2
    0	    2	    15.9
    0	    3	    23.7
    0	    4	    25.8
    0	    5	    24.4
    0	    6	    18.3
    0	    7	    13.3
    0	    8	     6.9
    0	    9	    27.7
    0	   10	    29.1
    0	   11	    16.0
    0	   12	    21.0
    0	   13	    33.6
    0	   14	    32.0
    0	   15	    13.4
    0	   16	    26.8
    0	   17	    24.4
    0	   18	    14.2
    0	   19	    18.6
    0	   20	    18.3
    0	   21	    32.1
    0	   22	    18.0
    0	   23	    25.6
    0	   24	    24.8
    0	   25	    25.7
    0	   26	    26.5
    0	   27	    19.9
    0	   28	    33.1
    0	   29	    22.0
    0	   30	    21.2
    0	   31	    25.4
    0	   32	    18.8
    0	   33	    22.1
    0	   34	     3.2
    0	   35	    24.3
    0	   36	     8.7
    0	   37	    17.6
    0	   38	    20.5
    0	   39	    15.1
    0	   40	    20.1
    0	   41	    25.8
    0	   42	    10.1
    0	   43	    23.0
    0	   44	    17.7
    0	   45	    18.6
    0	   46	    33.9
    0	   47	    22.1
    0	   48	    21.3
    0	   49	    24.7
    0	   50	    23.5
    1	    2	    19.1
    1	    3	    26.0
    1	    4	    23.0
    1	    5	    21.3
    1	    6	    17.1
    1	    7	    16.0
    1	    8	     5.9
    1	    9	    28.3
    1	   10	    29.9
    1	   11	    14.7
    1	   12	    23.8
    1	   13	    36.8
    1	   14	    31.8
    1	   15	    11.0
    1	   16	    23.7
    1	   17	    23.7
    1	   18	    17.0
    1	   19	    21.5
    1	   20	    15.4
    1	   21	    32.4
    1	   22	    20.3
    1	   23	    24.8
    1	   24	    25.5
    1	   25	    24.4
    1	   26	    23.4
    1	   27	    23.0
    1	   28	    33.5
    1	   29	    22.7
    1	   30	    23.7
    1	   31	    22.3
    1	   32	    18.0
    1	   33	    19.2
    1	   34	     3.4
    1	   35	    25.6
    1	   36	     5.9
    1	   37	    18.6
    1	   38	    17.7
    1	   39	    13.3
    1	   40	    17.5
    1	   41	    24.6
    1	   42	     7.1
    1	   43	    20.2
    1	   44	    19.3
    1	   45	    18.6
    1	   46	    30.7
    1	   47	    24.5
    1	   48	    18.7
    1	   49	    22.1
    1	   50	    25.8
    1	   51	     3.2
    2	    1	    19.1
    2	    3	    15.5
    2	    4	    41.3
    2	    5	    40.1
    2	    6	    30.5
    2	    7	    11.2
    2	    8	    19.6
    2	    9	    27.9
    2	   10	    32.5
    2	   11	    28.7
    2	   12	     9.1
    2	   13	    18.0
    2	   14	    39.0
    2	   15	    28.5
    2	   16	    42.1
    2	   17	    34.2
    2	   18	     6.6
    2	   19	     9.8
    2	   20	    33.0
    2	   21	    32.9
    2	   22	    11.2
    2	   23	    35.7
    2	   24	    25.0
    2	   25	    34.5
    2	   26	    41.3
    2	   27	     4.0
    2	   28	    33.7
    2	   29	    27.2
    2	   30	    11.1
    2	   31	    41.1
    2	   32	    26.9
    2	   33	    36.6
    2	   34	    17.1
    2	   35	    21.6
    2	   36	    23.8
    2	   37	    18.8
    2	   38	    34.8
    2	   39	    27.0
    2	   40	    35.2
    2	   41	    37.1
    2	   42	    25.3
    2	   43	    37.0
    2	   44	    16.0
    2	   45	    23.7
    2	   46	    49.7
    2	   47	    17.5
    2	   48	    36.4
    2	   49	    38.0
    2	   50	    15.1
    2	   51	    15.9
    3	    1	    26.0
    3	    2	    15.5
    3	    4	    48.6
    3	    5	    42.8
    3	    6	    41.8
    3	    7	    26.0
    3	    8	    22.6
    3	    9	    15.4
    3	   10	    47.5
    3	   11	    39.5
    3	   12	     7.0
    3	   13	    25.7
    3	   14	    53.1
    3	   15	    37.0
    3	   16	    43.4
    3	   17	    47.0
    3	   18	    10.8
    3	   19	    25.3
    3	   20	    34.4
    3	   21	    19.9
    3	   22	     5.8
    3	   23	    48.4
    3	   24	    13.3
    3	   25	    28.1
    3	   26	    41.8
    3	   27	    14.5
    3	   28	    20.4
    3	   29	    41.5
    3	   30	     4.6
    3	   31	    43.9
    3	   32	    22.0
    3	   33	    37.0
    3	   34	    22.7
    3	   35	     8.6
    3	   36	    27.8
    3	   37	    11.5
    3	   38	    35.2
    3	   39	    25.9
    3	   40	    43.4
    3	   41	    49.1
    3	   42	    29.2
    3	   43	    36.5
    3	   44	     8.3
    3	   45	    17.2
    3	   46	    52.8
    3	   47	    33.1
    3	   48	    44.6
    3	   49	    36.4
    3	   50	     0.5
    3	   51	    23.7
    4	    1	    23.0
    4	    2	    41.3
    4	    3	    48.6
    4	    5	    13.8
    4	    6	    15.6
    4	    7	    34.2
    4	    8	    26.1
    4	    9	    47.1
    4	   10	    33.7
    4	   11	    15.5
    4	   12	    46.7
    4	   13	    57.8
    4	   14	    28.8
    4	   15	    12.8
    4	   16	    17.5
    4	   17	    20.5
    4	   18	    40.0
    4	   19	    40.4
    4	   20	    19.2
    4	   21	    49.9
    4	   22	    43.1
    4	   23	    20.0
    4	   24	    45.0
    4	   25	    35.8
    4	   26	    19.7
    4	   27	    45.3
    4	   28	    51.0
    4	   29	    28.5
    4	   30	    46.7
    4	   31	    13.5
    4	   32	    33.5
    4	   33	    20.3
    4	   34	    26.0
    4	   35	    46.5
    4	   36	    21.1
    4	   37	    39.4
    4	   38	    20.7
    4	   39	    26.7
    4	   40	     6.4
    4	   41	    17.0
    4	   42	    19.9
    4	   43	    22.3
    4	   44	    41.1
    4	   45	    36.8
    4	   46	    15.1
    4	   47	    39.5
    4	   48	     5.3
    4	   49	    25.2
    4	   50	    48.4
    4	   51	    25.8
    5	    1	    21.3
    5	    2	    40.1
    5	    3	    42.8
    5	    4	    13.8
    5	    6	    24.5
    5	    7	    36.6
    5	    8	    21.0
    5	    9	    37.5
    5	   10	    43.1
    5	   11	    23.1
    5	   12	    43.0
    5	   13	    57.9
    5	   14	    40.3
    5	   15	    17.0
    5	   16	     4.0
    5	   17	    31.2
    5	   18	    36.6
    5	   19	    42.5
    5	   20	     8.6
    5	   21	    39.3
    5	   22	    38.2
    5	   23	    31.3
    5	   24	    35.9
    5	   25	    23.7
    5	   26	     6.0
    5	   27	    43.8
    5	   28	    40.4
    5	   29	    36.6
    5	   30	    42.2
    5	   31	     1.1
    5	   32	    23.5
    5	   33	     7.5
    5	   34	    23.0
    5	   35	    38.6
    5	   36	    16.3
    5	   37	    32.0
    5	   38	     8.7
    5	   39	    17.4
    5	   40	    15.3
    5	   41	    28.9
    5	   42	    14.8
    5	   43	     9.3
    5	   44	    34.6
    5	   45	    27.8
    5	   46	    10.0
    5	   47	    44.0
    5	   48	    15.4
    5	   49	    11.9
    5	   50	    42.8
    5	   51	    24.4
    6	    1	    17.1
    6	    2	    30.5
    6	    3	    41.8
    6	    4	    15.6
    6	    5	    24.5
    6	    7	    21.1
    6	    8	    22.7
    6	    9	    45.3
    6	   10	    18.7
    6	   11	     2.4
    6	   12	    38.0
    6	   13	    44.8
    6	   14	    16.5
    6	   15	     8.7
    6	   16	    28.4
    6	   17	     7.3
    6	   18	    31.5
    6	   19	    26.9
    6	   20	    24.6
    6	   21	    49.3
    6	   22	    35.9
    6	   23	     8.0
    6	   24	    42.6
    6	   25	    39.2
    6	   26	    29.7
    6	   27	    34.4
    6	   28	    50.4
    6	   29	    12.9
    6	   30	    38.7
    6	   31	    24.9
    6	   32	    34.0
    6	   33	    27.7
    6	   34	    20.4
    6	   35	    42.5
    6	   36	    19.6
    6	   37	    35.6
    6	   38	    27.1
    6	   39	    28.0
    6	   40	     9.9
    6	   41	     7.5
    6	   42	    19.5
    6	   43	    29.5
    6	   44	    36.0
    6	   45	    35.4
    6	   46	    29.9
    6	   47	    24.5
    6	   48	    10.6
    6	   49	    32.4
    6	   50	    41.5
    6	   51	    18.3
    7	    1	    16.0
    7	    2	    11.2
    7	    3	    26.0
    7	    4	    34.2
    7	    5	    36.6
    7	    6	    21.1
    7	    8	    19.8
    7	    9	    35.9
    7	   10	    21.5
    7	   11	    19.7
    7	   12	    20.2
    7	   13	    23.8
    7	   14	    27.8
    7	   15	    21.7
    7	   16	    39.4
    7	   17	    23.6
    7	   18	    15.5
    7	   19	     6.2
    7	   20	    31.4
    7	   21	    40.8
    7	   22	    20.8
    7	   23	    25.2
    7	   24	    32.8
    7	   25	    38.1
    7	   26	    39.3
    7	   27	    14.5
    7	   28	    41.7
    7	   29	    16.0
    7	   30	    21.8
    7	   31	    37.5
    7	   32	    30.7
    7	   33	    35.2
    7	   34	    16.1
    7	   35	    30.5
    7	   36	    21.9
    7	   37	    25.7
    7	   38	    33.7
    7	   39	    28.1
    7	   40	    27.9
    7	   41	    26.9
    7	   42	    23.1
    7	   43	    36.2
    7	   44	    24.0
    7	   45	    29.0
    7	   46	    45.3
    7	   47	     9.1
    7	   48	    29.0
    7	   49	    38.0
    7	   50	    25.6
    7	   51	    13.3
    8	    1	     5.9
    8	    2	    19.6
    8	    3	    22.6
    8	    4	    26.1
    8	    5	    21.0
    8	    6	    22.7
    8	    7	    19.8
    8	    9	    22.7
    8	   10	    35.7
    8	   11	    20.3
    8	   12	    22.0
    8	   13	    37.7
    8	   14	    37.8
    8	   15	    15.6
    8	   16	    22.6
    8	   17	    29.5
    8	   18	    15.6
    8	   19	    24.5
    8	   20	    13.4
    8	   21	    26.6
    8	   22	    17.5
    8	   23	    30.6
    8	   24	    20.0
    8	   25	    18.8
    8	   26	    21.7
    8	   27	    23.1
    8	   28	    27.7
    8	   29	    28.5
    8	   30	    21.3
    8	   31	    22.1
    8	   32	    12.1
    8	   33	    17.0
    8	   34	     3.8
    8	   35	    20.7
    8	   36	     5.2
    8	   37	    13.5
    8	   38	    15.2
    8	   39	     8.3
    8	   40	    21.5
    8	   41	    30.2
    8	   42	     6.6
    8	   43	    17.4
    8	   44	    15.0
    8	   45	    12.7
    8	   46	    31.0
    8	   47	    28.8
    8	   48	    22.6
    8	   49	    18.7
    8	   50	    22.5
    8	   51	     6.9
    9	    1	    28.3
    9	    2	    27.9
    9	    3	    15.4
    9	    4	    47.1
    9	    5	    37.5
    9	    6	    45.3
    9	    7	    35.9
    9	    8	    22.7
    9	   10	    56.1
    9	   11	    42.9
    9	   12	    21.6
    9	   13	    41.0
    9	   14	    59.7
    9	   15	    38.2
    9	   16	    36.7
    9	   17	    51.9
    9	   18	    21.4
    9	   19	    37.4
    9	   20	    29.1
    9	   21	     5.0
    9	   22	    16.9
    9	   23	    53.1
    9	   24	     3.1
    9	   25	    16.3
    9	   26	    34.5
    9	   27	    28.5
    9	   28	     5.8
    9	   29	    49.2
    9	   30	    19.1
    9	   31	    38.5
    9	   32	    14.0
    9	   33	    30.3
    9	   34	    25.1
    9	   35	     6.9
    9	   36	    26.8
    9	   37	    10.4
    9	   38	    28.8
    9	   39	    20.5
    9	   40	    43.5
    9	   41	    52.8
    9	   42	    27.6
    9	   43	    29.1
    9	   44	    12.0
    9	   45	    10.3
    9	   46	    46.8
    9	   47	    44.4
    9	   48	    44.6
    9	   49	    27.7
    9	   50	    15.8
    9	   51	    27.7
   10	    1	    29.9
   10	    2	    32.5
   10	    3	    47.5
   10	    4	    33.7
   10	    5	    43.1
   10	    6	    18.7
   10	    7	    21.5
   10	    8	    35.7
   10	    9	    56.1
   10	   11	    20.0
   10	   12	    41.6
   10	   13	    39.5
   10	   14	     9.4
   10	   15	    26.5
   10	   16	    47.0
   10	   17	    13.5
   10	   18	    36.8
   10	   19	    24.0
   10	   20	    42.0
   10	   21	    60.7
   10	   22	    42.1
   10	   23	    14.4
   10	   24	    53.0
   10	   25	    54.3
   10	   26	    48.1
   10	   27	    35.2
   10	   28	    61.7
   10	   29	     7.2
   10	   30	    43.3
   10	   31	    43.6
   10	   32	    47.8
   10	   33	    45.5
   10	   34	    32.2
   10	   35	    51.4
   10	   36	    34.7
   10	   37	    45.7
   10	   38	    44.6
   10	   39	    43.0
   10	   40	    28.6
   10	   41	    17.7
   10	   42	    35.2
   10	   43	    47.2
   10	   44	    44.7
   10	   45	    47.6
   10	   46	    48.5
   10	   47	    16.9
   10	   48	    29.1
   10	   49	    49.8
   10	   50	    47.1
   10	   51	    29.1
   11	    1	    14.7
   11	    2	    28.7
   11	    3	    39.5
   11	    4	    15.5
   11	    5	    23.1
   11	    6	     2.4
   11	    7	    19.7
   11	    8	    20.3
   11	    9	    42.9
   11	   10	    20.0
   11	   12	    35.9
   11	   13	    43.6
   11	   14	    18.6
   11	   15	     6.7
   11	   16	    26.9
   11	   17	     9.6
   11	   18	    29.4
   11	   19	    25.7
   11	   20	    22.6
   11	   21	    46.9
   11	   22	    33.7
   11	   23	    10.4
   11	   24	    40.2
   11	   25	    36.9
   11	   26	    28.1
   11	   27	    32.7
   11	   28	    48.0
   11	   29	    13.6
   11	   30	    36.6
   11	   31	    23.6
   11	   32	    31.6
   11	   33	    25.8
   11	   34	    18.0
   11	   35	    40.1
   11	   36	    17.2
   11	   37	    33.2
   11	   38	    25.1
   11	   39	    25.6
   11	   40	     9.4
   11	   41	     9.9
   11	   42	    17.2
   11	   43	    27.6
   11	   44	    33.7
   11	   45	    33.0
   11	   46	    29.2
   11	   47	    24.0
   11	   48	    10.3
   11	   49	    30.4
   11	   50	    39.3
   11	   51	    16.0
   12	    1	    23.8
   12	    2	     9.1
   12	    3	     7.0
   12	    4	    46.7
   12	    5	    43.0
   12	    6	    38.0
   12	    7	    20.2
   12	    8	    22.0
   12	    9	    21.6
   12	   10	    41.6
   12	   11	    35.9
   12	   13	    19.7
   12	   14	    47.8
   12	   15	    34.4
   12	   16	    44.2
   12	   17	    42.4
   12	   18	     6.8
   12	   19	    18.7
   12	   20	    35.0
   12	   21	    26.3
   12	   22	     5.6
   12	   23	    43.9
   12	   24	    19.0
   12	   25	    31.9
   12	   26	    42.9
   12	   27	     7.6
   12	   28	    27.0
   12	   29	    36.0
   12	   30	     2.5
   12	   31	    44.1
   12	   32	    25.0
   12	   33	    38.1
   12	   34	    20.9
   12	   35	    14.7
   12	   36	    27.0
   12	   37	    14.8
   12	   38	    36.3
   12	   39	    27.3
   12	   40	    41.1
   12	   41	    45.0
   12	   42	    28.5
   12	   43	    38.0
   12	   44	    11.4
   12	   45	    20.7
   12	   46	    53.0
   12	   47	    26.5
   12	   48	    42.3
   12	   49	    38.4
   12	   50	     6.5
   12	   51	    21.0
   13	    1	    36.8
   13	    2	    18.0
   13	    3	    25.7
   13	    4	    57.8
   13	    5	    57.9
   13	    6	    44.8
   13	    7	    23.8
   13	    8	    37.7
   13	    9	    41.0
   13	   10	    39.5
   13	   11	    43.6
   13	   12	    19.7
   13	   14	    48.2
   13	   15	    45.0
   13	   16	    60.1
   13	   17	    46.4
   13	   18	    23.2
   13	   19	    17.9
   13	   20	    51.0
   13	   21	    45.6
   13	   22	    25.1
   13	   23	    48.0
   13	   24	    38.6
   13	   25	    51.2
   13	   26	    59.3
   13	   27	    14.7
   13	   28	    46.1
   13	   29	    37.0
   13	   30	    22.1
   13	   31	    59.0
   13	   32	    43.9
   13	   33	    54.6
   13	   34	    35.1
   13	   35	    34.1
   13	   36	    41.8
   13	   37	    34.3
   13	   38	    52.9
   13	   39	    44.8
   13	   40	    51.5
   13	   41	    50.2
   13	   42	    43.3
   13	   43	    55.0
   13	   44	    30.9
   13	   45	    40.0
   13	   46	    67.4
   13	   47	    22.8
   13	   48	    52.6
   13	   49	    55.9
   13	   50	    25.2
   13	   51	    33.6
   14	    1	    31.8
   14	    2	    39.0
   14	    3	    53.1
   14	    4	    28.8
   14	    5	    40.3
   14	    6	    16.5
   14	    7	    27.8
   14	    8	    37.8
   14	    9	    59.7
   14	   10	     9.4
   14	   11	    18.6
   14	   12	    47.8
   14	   13	    48.2
   14	   15	    25.2
   14	   16	    44.3
   14	   17	     9.2
   14	   18	    42.3
   14	   19	    31.6
   14	   20	    41.1
   14	   21	    64.0
   14	   22	    47.4
   14	   23	     9.1
   14	   24	    56.7
   14	   25	    55.3
   14	   26	    45.8
   14	   27	    42.2
   14	   28	    65.1
   14	   29	    11.9
   14	   30	    49.2
   14	   31	    40.6
   14	   32	    49.6
   14	   33	    44.1
   14	   34	    34.7
   14	   35	    55.8
   14	   36	    35.5
   14	   37	    49.4
   14	   38	    43.5
   14	   39	    44.0
   14	   40	    25.0
   14	   41	    11.8
   14	   42	    35.6
   14	   43	    46.0
   14	   44	    49.1
   14	   45	    50.4
   14	   46	    43.9
   14	   47	    25.3
   14	   48	    25.1
   14	   49	    48.8
   14	   50	    52.7
   14	   51	    32.0
   15	    1	    11.0
   15	    2	    28.5
   15	    3	    37.0
   15	    4	    12.8
   15	    5	    17.0
   15	    6	     8.7
   15	    7	    21.7
   15	    8	    15.6
   15	    9	    38.2
   15	   10	    26.5
   15	   11	     6.7
   15	   12	    34.4
   15	   13	    45.0
   15	   14	    25.2
   15	   16	    20.6
   15	   17	    16.0
   15	   18	    27.6
   15	   19	    27.9
   15	   20	    16.0
   15	   21	    41.8
   15	   22	    31.3
   15	   23	    16.6
   15	   24	    35.6
   15	   25	    30.7
   15	   26	    21.6
   15	   27	    32.6
   15	   28	    42.9
   15	   29	    19.7
   15	   30	    34.6
   15	   31	    17.6
   15	   32	    26.0
   15	   33	    19.2
   15	   34	    14.4
   15	   35	    36.3
   15	   36	    11.6
   15	   37	    29.1
   15	   38	    18.4
   15	   39	    19.6
   15	   40	     6.7
   15	   41	    15.3
   15	   42	    11.2
   15	   43	    21.0
   15	   44	    30.2
   15	   45	    28.0
   15	   46	    24.2
   15	   47	    27.8
   15	   48	     7.9
   15	   49	    23.7
   15	   50	    36.8
   15	   51	    13.4
   16	    1	    23.7
   16	    2	    42.1
   16	    3	    43.4
   16	    4	    17.5
   16	    5	     4.0
   16	    6	    28.4
   16	    7	    39.4
   16	    8	    22.6
   16	    9	    36.7
   16	   10	    47.0
   16	   11	    26.9
   16	   12	    44.2
   16	   13	    60.1
   16	   14	    44.3
   16	   15	    20.6
   16	   17	    35.2
   16	   18	    38.1
   16	   19	    45.2
   16	   20	     9.3
   16	   21	    38.1
   16	   22	    39.2
   16	   23	    35.2
   16	   24	    35.4
   16	   25	    21.9
   16	   26	     2.6
   16	   27	    45.7
   16	   28	    39.1
   16	   29	    40.4
   16	   30	    43.2
   16	   31	     3.9
   16	   32	    23.0
   16	   33	     6.5
   16	   34	    25.0
   16	   35	    38.5
   16	   36	    18.3
   16	   37	    32.2
   16	   38	     8.2
   16	   39	    17.6
   16	   40	    19.3
   16	   41	    32.8
   16	   42	    16.8
   16	   43	     7.7
   16	   44	    35.1
   16	   45	    27.6
   16	   46	    10.1
   16	   47	    47.2
   16	   48	    19.4
   16	   49	     9.6
   16	   50	    43.5
   16	   51	    26.8
   17	    1	    23.7
   17	    2	    34.2
   17	    3	    47.0
   17	    4	    20.5
   17	    5	    31.2
   17	    6	     7.3
   17	    7	    23.6
   17	    8	    29.5
   17	    9	    51.9
   17	   10	    13.5
   17	   11	     9.6
   17	   12	    42.4
   17	   13	    46.4
   17	   14	     9.2
   17	   15	    16.0
   17	   16	    35.2
   17	   18	    36.3
   17	   19	    28.6
   17	   20	    31.9
   17	   21	    56.1
   17	   22	    41.2
   17	   23	     1.6
   17	   24	    49.1
   17	   25	    46.5
   17	   26	    36.7
   17	   27	    37.9
   17	   28	    57.2
   17	   29	    10.1
   17	   30	    43.5
   17	   31	    31.5
   17	   32	    41.1
   17	   33	    34.9
   17	   34	    26.8
   17	   35	    48.6
   17	   36	    26.8
   17	   37	    41.9
   17	   38	    34.4
   17	   39	    35.2
   17	   40	    16.0
   17	   41	     4.4
   17	   42	    26.7
   17	   43	    36.8
   17	   44	    42.0
   17	   45	    42.2
   17	   46	    35.4
   17	   47	    24.2
   17	   48	    16.3
   17	   49	    39.6
   17	   50	    46.6
   17	   51	    24.4
   18	    1	    17.0
   18	    2	     6.6
   18	    3	    10.8
   18	    4	    40.0
   18	    5	    36.6
   18	    6	    31.5
   18	    7	    15.5
   18	    8	    15.6
   18	    9	    21.4
   18	   10	    36.8
   18	   11	    29.4
   18	   12	     6.8
   18	   13	    23.2
   18	   14	    42.3
   18	   15	    27.6
   18	   16	    38.1
   18	   17	    36.3
   18	   19	    16.0
   18	   20	    28.9
   18	   21	    26.4
   18	   22	     5.3
   18	   23	    37.8
   18	   24	    18.4
   18	   25	    28.3
   18	   26	    37.0
   18	   27	     8.5
   18	   28	    27.2
   18	   29	    30.8
   18	   30	     7.2
   18	   31	    37.7
   18	   32	    20.8
   18	   33	    32.2
   18	   34	    14.1
   18	   35	    15.3
   18	   36	    20.4
   18	   37	    12.2
   18	   38	    30.4
   18	   39	    21.8
   18	   40	    34.3
   18	   41	    38.7
   18	   42	    22.0
   18	   43	    32.3
   18	   44	     9.4
   18	   45	    17.3
   18	   46	    46.6
   18	   47	    23.3
   18	   48	    35.5
   18	   49	    33.0
   18	   50	    10.4
   18	   51	    14.2
   19	    1	    21.5
   19	    2	     9.8
   19	    3	    25.3
   19	    4	    40.4
   19	    5	    42.5
   19	    6	    26.9
   19	    7	     6.2
   19	    8	    24.5
   19	    9	    37.4
   19	   10	    24.0
   19	   11	    25.7
   19	   12	    18.7
   19	   13	    17.9
   19	   14	    31.6
   19	   15	    27.9
   19	   16	    45.2
   19	   17	    28.6
   19	   18	    16.0
   19	   20	    36.8
   19	   21	    42.4
   19	   22	    21.0
   19	   23	    30.2
   19	   24	    34.4
   19	   25	    41.9
   19	   26	    45.0
   19	   27	    11.6
   19	   28	    43.2
   19	   29	    19.9
   19	   30	    20.8
   19	   31	    43.4
   19	   32	    34.3
   19	   33	    40.7
   19	   34	    21.1
   19	   35	    31.3
   19	   36	    27.3
   19	   37	    27.7
   19	   38	    39.0
   19	   39	    32.7
   19	   40	    34.0
   19	   41	    32.3
   19	   42	    28.6
   19	   43	    41.5
   19	   44	    25.4
   19	   45	    31.9
   19	   46	    51.3
   19	   47	     7.8
   19	   48	    35.2
   19	   49	    43.1
   19	   50	    24.9
   19	   51	    18.6
   20	    1	    15.4
   20	    2	    33.0
   20	    3	    34.4
   20	    4	    19.2
   20	    5	     8.6
   20	    6	    24.6
   20	    7	    31.4
   20	    8	    13.4
   20	    9	    29.1
   20	   10	    42.0
   20	   11	    22.6
   20	   12	    35.0
   20	   13	    51.0
   20	   14	    41.1
   20	   15	    16.0
   20	   16	     9.3
   20	   17	    31.9
   20	   18	    28.9
   20	   19	    36.8
   20	   21	    31.2
   20	   22	    30.0
   20	   23	    32.4
   20	   24	    27.4
   20	   25	    16.6
   20	   26	     8.3
   20	   27	    36.6
   20	   28	    32.3
   20	   29	    35.0
   20	   30	    34.0
   20	   31	     9.7
   20	   32	    15.1
   20	   33	     3.8
   20	   34	    16.1
   20	   35	    30.0
   20	   36	     9.6
   20	   37	    23.4
   20	   38	     2.5
   20	   39	     8.8
   20	   40	    17.8
   20	   41	    30.7
   20	   42	     8.2
   20	   43	     5.2
   20	   44	    26.1
   20	   45	    19.3
   20	   46	    18.5
   20	   47	    39.7
   20	   48	    18.5
   20	   49	     7.8
   20	   50	    34.4
   20	   51	    18.3
   21	    1	    32.4
   21	    2	    32.9
   21	    3	    19.9
   21	    4	    49.9
   21	    5	    39.3
   21	    6	    49.3
   21	    7	    40.8
   21	    8	    26.6
   21	    9	     5.0
   21	   10	    60.7
   21	   11	    46.9
   21	   12	    26.3
   21	   13	    45.6
   21	   14	    64.0
   21	   15	    41.8
   21	   16	    38.1
   21	   17	    56.1
   21	   18	    26.4
   21	   19	    42.4
   21	   20	    31.2
   21	   22	    21.9
   21	   23	    57.2
   21	   24	     8.0
   21	   25	    16.5
   21	   26	    35.7
   21	   27	    33.4
   21	   28	     1.1
   21	   29	    53.8
   21	   30	    23.8
   21	   31	    40.3
   21	   32	    16.4
   21	   33	    31.9
   21	   34	    29.3
   21	   35	    11.6
   21	   36	    30.3
   21	   37	    15.2
   21	   38	    30.6
   21	   39	    23.2
   21	   40	    46.8
   21	   41	    56.7
   21	   42	    30.9
   21	   43	    30.4
   21	   44	    17.0
   21	   45	    13.9
   21	   46	    48.2
   21	   47	    49.4
   21	   48	    47.8
   21	   49	    28.7
   21	   50	    20.4
   21	   51	    32.1
   22	    1	    20.3
   22	    2	    11.2
   22	    3	     5.8
   22	    4	    43.1
   22	    5	    38.2
   22	    6	    35.9
   22	    7	    20.8
   22	    8	    17.5
   22	    9	    16.9
   22	   10	    42.1
   22	   11	    33.7
   22	   12	     5.6
   22	   13	    25.1
   22	   14	    47.4
   22	   15	    31.3
   22	   16	    39.2
   22	   17	    41.2
   22	   18	     5.3
   22	   19	    21.0
   22	   20	    30.0
   22	   21	    21.9
   22	   23	    42.6
   22	   24	    14.1
   22	   25	    26.3
   22	   26	    37.8
   22	   27	    11.6
   22	   28	    22.6
   22	   29	    36.0
   22	   30	     4.0
   22	   31	    39.3
   22	   32	    19.4
   22	   33	    32.9
   22	   34	    17.1
   22	   35	    10.4
   22	   36	    22.6
   22	   37	     9.2
   22	   38	    31.1
   22	   39	    22.0
   22	   40	    37.8
   22	   41	    43.3
   22	   42	    24.1
   22	   43	    32.7
   22	   44	     5.8
   22	   45	    15.0
   22	   46	    48.2
   22	   47	    28.4
   22	   48	    39.0
   22	   49	    32.9
   22	   50	     5.5
   22	   51	    18.0
   23	    1	    24.8
   23	    2	    35.7
   23	    3	    48.4
   23	    4	    20.0
   23	    5	    31.3
   23	    6	     8.0
   23	    7	    25.2
   23	    8	    30.6
   23	    9	    53.1
   23	   10	    14.4
   23	   11	    10.4
   23	   12	    43.9
   23	   13	    48.0
   23	   14	     9.1
   23	   15	    16.6
   23	   16	    35.2
   23	   17	     1.6
   23	   18	    37.8
   23	   19	    30.2
   23	   20	    32.4
   23	   21	    57.2
   23	   22	    42.6
   23	   24	    50.2
   23	   25	    47.2
   23	   26	    36.8
   23	   27	    39.4
   23	   28	    58.2
   23	   29	    11.6
   23	   30	    45.0
   23	   31	    31.5
   23	   32	    42.0
   23	   33	    35.2
   23	   34	    28.0
   23	   35	    49.9
   23	   36	    27.6
   23	   37	    43.1
   23	   38	    34.8
   23	   39	    36.0
   23	   40	    16.0
   23	   41	     3.2
   23	   42	    27.5
   23	   43	    37.2
   23	   44	    43.3
   23	   45	    43.3
   23	   46	    35.0
   23	   47	    25.8
   23	   48	    16.1
   23	   49	    40.0
   23	   50	    48.1
   23	   51	    25.6
   24	    1	    25.5
   24	    2	    25.0
   24	    3	    13.3
   24	    4	    45.0
   24	    5	    35.9
   24	    6	    42.6
   24	    7	    32.8
   24	    8	    20.0
   24	    9	     3.1
   24	   10	    53.0
   24	   11	    40.2
   24	   12	    19.0
   24	   13	    38.6
   24	   14	    56.7
   24	   15	    35.6
   24	   16	    35.4
   24	   17	    49.1
   24	   18	    18.4
   24	   19	    34.4
   24	   20	    27.4
   24	   21	     8.0
   24	   22	    14.1
   24	   23	    50.2
   24	   25	    16.2
   24	   26	    33.3
   24	   27	    25.7
   24	   28	     8.9
   24	   29	    46.2
   24	   30	    16.6
   24	   31	    37.0
   24	   32	    12.5
   24	   33	    29.0
   24	   34	    22.2
   24	   35	     4.8
   24	   36	    24.3
   24	   37	     7.4
   24	   38	    27.4
   24	   39	    18.7
   24	   40	    41.1
   24	   41	    50.1
   24	   42	    25.3
   24	   43	    27.9
   24	   44	     9.0
   24	   45	     8.2
   24	   46	    45.5
   24	   47	    41.4
   24	   48	    42.2
   24	   49	    26.8
   24	   50	    13.6
   24	   51	    24.8
   25	    1	    24.4
   25	    2	    34.5
   25	    3	    28.1
   25	    4	    35.8
   25	    5	    23.7
   25	    6	    39.2
   25	    7	    38.1
   25	    8	    18.8
   25	    9	    16.3
   25	   10	    54.3
   25	   11	    36.9
   25	   12	    31.9
   25	   13	    51.2
   25	   14	    55.3
   25	   15	    30.7
   25	   16	    21.9
   25	   17	    46.5
   25	   18	    28.3
   25	   19	    41.9
   25	   20	    16.6
   25	   21	    16.5
   25	   22	    26.3
   25	   23	    47.2
   25	   24	    16.2
   25	   26	    19.4
   25	   27	    36.8
   25	   28	    17.4
   25	   29	    47.0
   25	   30	    30.0
   25	   31	    24.6
   25	   32	     7.6
   25	   33	    16.2
   25	   34	    22.6
   25	   35	    20.6
   25	   36	    19.8
   25	   37	    17.1
   25	   38	    15.3
   25	   39	    11.4
   25	   40	    34.0
   25	   41	    46.0
   25	   42	    19.7
   25	   43	    14.5
   25	   44	    20.6
   25	   45	    11.3
   25	   46	    32.0
   25	   47	    47.2
   25	   48	    34.8
   25	   49	    12.4
   25	   50	    28.3
   25	   51	    25.7
   26	    1	    23.4
   26	    2	    41.3
   26	    3	    41.8
   26	    4	    19.7
   26	    5	     6.0
   26	    6	    29.7
   26	    7	    39.3
   26	    8	    21.7
   26	    9	    34.5
   26	   10	    48.1
   26	   11	    28.1
   26	   12	    42.9
   26	   13	    59.3
   26	   14	    45.8
   26	   15	    21.6
   26	   16	     2.6
   26	   17	    36.7
   26	   18	    37.0
   26	   19	    45.0
   26	   20	     8.3
   26	   21	    35.7
   26	   22	    37.8
   26	   23	    36.8
   26	   24	    33.3
   26	   25	    19.4
   26	   27	    44.8
   26	   28	    36.6
   26	   29	    41.3
   26	   30	    41.8
   26	   31	     6.3
   26	   32	    20.9
   26	   33	     4.8
   26	   34	    24.4
   26	   35	    36.6
   26	   36	    17.8
   26	   37	    30.5
   26	   38	     6.7
   26	   39	    15.9
   26	   40	    21.0
   26	   41	    34.5
   26	   42	    16.4
   26	   43	     5.5
   26	   44	    33.5
   26	   45	    25.6
   26	   46	    12.6
   26	   47	    47.4
   26	   48	    21.2
   26	   49	     7.1
   26	   50	    41.9
   26	   51	    26.5
   27	    1	    23.0
   27	    2	     4.0
   27	    3	    14.5
   27	    4	    45.3
   27	    5	    43.8
   27	    6	    34.4
   27	    7	    14.5
   27	    8	    23.1
   27	    9	    28.5
   27	   10	    35.2
   27	   11	    32.7
   27	   12	     7.6
   27	   13	    14.7
   27	   14	    42.2
   27	   15	    32.6
   27	   16	    45.7
   27	   17	    37.9
   27	   18	     8.5
   27	   19	    11.6
   27	   20	    36.6
   27	   21	    33.4
   27	   22	    11.6
   27	   23	    39.4
   27	   24	    25.7
   27	   25	    36.8
   27	   26	    44.8
   27	   28	    34.1
   27	   29	    30.3
   27	   30	    10.0
   27	   31	    44.9
   27	   32	    29.4
   27	   33	    40.1
   27	   34	    20.9
   27	   35	    21.8
   27	   36	    27.5
   27	   37	    20.3
   27	   38	    38.3
   27	   39	    30.1
   27	   40	    39.2
   27	   41	    40.9
   27	   42	    29.1
   27	   43	    40.3
   27	   44	    17.1
   27	   45	    25.7
   27	   46	    53.6
   27	   47	    19.3
   27	   48	    40.5
   27	   49	    41.2
   27	   50	    14.0
   27	   51	    19.9
   28	    1	    33.5
   28	    2	    33.7
   28	    3	    20.4
   28	    4	    51.0
   28	    5	    40.4
   28	    6	    50.4
   28	    7	    41.7
   28	    8	    27.7
   28	    9	     5.8
   28	   10	    61.7
   28	   11	    48.0
   28	   12	    27.0
   28	   13	    46.1
   28	   14	    65.1
   28	   15	    42.9
   28	   16	    39.1
   28	   17	    57.2
   28	   18	    27.2
   28	   19	    43.2
   28	   20	    32.3
   28	   21	     1.1
   28	   22	    22.6
   28	   23	    58.2
   28	   24	     8.9
   28	   25	    17.4
   28	   26	    36.6
   28	   27	    34.1
   28	   29	    54.8
   28	   30	    24.4
   28	   31	    41.3
   28	   32	    17.5
   28	   33	    32.9
   28	   34	    30.4
   28	   35	    12.3
   28	   36	    31.4
   28	   37	    16.2
   28	   38	    31.6
   28	   39	    24.3
   28	   40	    47.9
   28	   41	    57.8
   28	   42	    32.0
   28	   43	    31.4
   28	   44	    17.9
   28	   45	    15.0
   28	   46	    49.2
   28	   47	    50.3
   28	   48	    48.9
   28	   49	    29.6
   28	   50	    20.9
   28	   51	    33.1
   29	    1	    22.7
   29	    2	    27.2
   29	    3	    41.5
   29	    4	    28.5
   29	    5	    36.6
   29	    6	    12.9
   29	    7	    16.0
   29	    8	    28.5
   29	    9	    49.2
   29	   10	     7.2
   29	   11	    13.6
   29	   12	    36.0
   29	   13	    37.0
   29	   14	    11.9
   29	   15	    19.7
   29	   16	    40.4
   29	   17	    10.1
   29	   18	    30.8
   29	   19	    19.9
   29	   20	    35.0
   29	   21	    53.8
   29	   22	    36.0
   29	   23	    11.6
   29	   24	    46.2
   29	   25	    47.0
   29	   26	    41.3
   29	   27	    30.3
   29	   28	    54.8
   29	   30	    37.5
   29	   31	    37.2
   29	   32	    40.6
   29	   33	    38.5
   29	   34	    25.0
   29	   35	    44.8
   29	   36	    27.5
   29	   37	    38.8
   29	   38	    37.5
   29	   39	    35.8
   29	   40	    22.8
   29	   41	    14.5
   29	   42	    28.0
   29	   43	    40.1
   29	   44	    38.1
   29	   45	    40.6
   29	   46	    42.7
   29	   47	    14.4
   29	   48	    23.5
   29	   49	    42.7
   29	   50	    41.1
   29	   51	    22.0
   30	    1	    23.7
   30	    2	    11.1
   30	    3	     4.6
   30	    4	    46.7
   30	    5	    42.2
   30	    6	    38.7
   30	    7	    21.8
   30	    8	    21.3
   30	    9	    19.1
   30	   10	    43.3
   30	   11	    36.6
   30	   12	     2.5
   30	   13	    22.1
   30	   14	    49.2
   30	   15	    34.6
   30	   16	    43.2
   30	   17	    43.5
   30	   18	     7.2
   30	   19	    20.8
   30	   20	    34.0
   30	   21	    23.8
   30	   22	     4.0
   30	   23	    45.0
   30	   24	    16.6
   30	   25	    30.0
   30	   26	    41.8
   30	   27	    10.0
   30	   28	    24.4
   30	   29	    37.5
   30	   31	    43.3
   30	   32	    23.2
   30	   33	    37.0
   30	   34	    20.7
   30	   35	    12.2
   30	   36	    26.4
   30	   37	    12.8
   30	   38	    35.2
   30	   39	    26.0
   30	   40	    41.2
   30	   41	    45.9
   30	   42	    27.9
   30	   43	    36.7
   30	   44	     9.3
   30	   45	    18.7
   30	   46	    52.2
   30	   47	    28.6
   30	   48	    42.4
   30	   49	    36.9
   30	   50	     4.1
   30	   51	    21.2
   31	    1	    22.3
   31	    2	    41.1
   31	    3	    43.9
   31	    4	    13.5
   31	    5	     1.1
   31	    6	    24.9
   31	    7	    37.5
   31	    8	    22.1
   31	    9	    38.5
   31	   10	    43.6
   31	   11	    23.6
   31	   12	    44.1
   31	   13	    59.0
   31	   14	    40.6
   31	   15	    17.6
   31	   16	     3.9
   31	   17	    31.5
   31	   18	    37.7
   31	   19	    43.4
   31	   20	     9.7
   31	   21	    40.3
   31	   22	    39.3
   31	   23	    31.5
   31	   24	    37.0
   31	   25	    24.6
   31	   26	     6.3
   31	   27	    44.9
   31	   28	    41.3
   31	   29	    37.2
   31	   30	    43.3
   31	   32	    24.5
   31	   33	     8.4
   31	   34	    24.0
   31	   35	    39.7
   31	   36	    17.4
   31	   37	    33.1
   31	   38	     9.7
   31	   39	    18.5
   31	   40	    15.6
   31	   41	    29.0
   31	   42	    15.8
   31	   43	    10.1
   31	   44	    35.7
   31	   45	    28.9
   31	   46	     8.9
   31	   47	    44.8
   31	   48	    15.5
   31	   49	    12.6
   31	   50	    43.9
   31	   51	    25.4
   32	    1	    18.0
   32	    2	    26.9
   32	    3	    22.0
   32	    4	    33.5
   32	    5	    23.5
   32	    6	    34.0
   32	    7	    30.7
   32	    8	    12.1
   32	    9	    14.0
   32	   10	    47.8
   32	   11	    31.6
   32	   12	    25.0
   32	   13	    43.9
   32	   14	    49.6
   32	   15	    26.0
   32	   16	    23.0
   32	   17	    41.1
   32	   18	    20.8
   32	   19	    34.3
   32	   20	    15.1
   32	   21	    16.4
   32	   22	    19.4
   32	   23	    42.0
   32	   24	    12.5
   32	   25	     7.6
   32	   26	    20.9
   32	   27	    29.4
   32	   28	    17.5
   32	   29	    40.6
   32	   30	    23.2
   32	   31	    24.5
   32	   33	    16.5
   32	   34	    15.6
   32	   35	    15.8
   32	   36	    14.4
   32	   37	    10.5
   32	   38	    14.9
   32	   39	     6.8
   32	   40	    30.5
   32	   41	    41.2
   32	   42	    14.8
   32	   43	    15.4
   32	   44	    14.0
   32	   45	     4.9
   32	   46	    33.0
   32	   47	    39.8
   32	   48	    31.4
   32	   49	    14.6
   32	   50	    22.2
   32	   51	    18.8
   33	    1	    19.2
   33	    2	    36.6
   33	    3	    37.0
   33	    4	    20.3
   33	    5	     7.5
   33	    6	    27.7
   33	    7	    35.2
   33	    8	    17.0
   33	    9	    30.3
   33	   10	    45.5
   33	   11	    25.8
   33	   12	    38.1
   33	   13	    54.6
   33	   14	    44.1
   33	   15	    19.2
   33	   16	     6.5
   33	   17	    34.9
   33	   18	    32.2
   33	   19	    40.7
   33	   20	     3.8
   33	   21	    31.9
   33	   22	    32.9
   33	   23	    35.2
   33	   24	    29.0
   33	   25	    16.2
   33	   26	     4.8
   33	   27	    40.1
   33	   28	    32.9
   33	   29	    38.5
   33	   30	    37.0
   33	   31	     8.4
   33	   32	    16.5
   33	   34	    19.8
   33	   35	    32.0
   33	   36	    13.4
   33	   37	    25.8
   33	   38	     1.8
   33	   39	    11.1
   33	   40	    20.0
   33	   41	    33.3
   33	   42	    12.1
   33	   43	     2.1
   33	   44	    28.7
   33	   45	    21.1
   33	   46	    16.5
   33	   47	    43.5
   33	   48	    20.5
   33	   49	     5.0
   33	   50	    37.1
   33	   51	    22.1
   34	    1	     3.4
   34	    2	    17.1
   34	    3	    22.7
   34	    4	    26.0
   34	    5	    23.0
   34	    6	    20.4
   34	    7	    16.1
   34	    8	     3.8
   34	    9	    25.1
   34	   10	    32.2
   34	   11	    18.0
   34	   12	    20.9
   34	   13	    35.1
   34	   14	    34.7
   34	   15	    14.4
   34	   16	    25.0
   34	   17	    26.8
   34	   18	    14.1
   34	   19	    21.1
   34	   20	    16.1
   34	   21	    29.3
   34	   22	    17.1
   34	   23	    28.0
   34	   24	    22.2
   34	   25	    22.6
