VEHICLE INFORMATION
Type	Number	Capacity	Endurance	 Speed	 Unit cost
Truck	    3	      500	     8.00	   35	   1.000
Drone	    1	       30	     1.00	   70	   0.200

CUSTOMER INFORMATION
Id 	X	Y	Demand_D	Demand_P
0  	25.00	25.00	    0.00	    0.00
1  	48.82	45.62	   20.00	    0.00
2  	34.87	17.54	   20.00	   16.00
3  	46.35	48.92	   15.00	    0.00
4  	1.75	2.36	    3.00	    6.00
5  	32.93	3.37	   16.00	   14.00
6  	24.01	9.43	    3.00	   17.00
7  	30.41	26.26	   19.00	   11.00
8  	7.70	44.31	    6.00	   17.00
9  	19.11	12.79	    9.00	    5.00
10 	12.87	29.02	    5.00	   21.00
11 	47.34	11.83	   86.00	   25.00
12 	21.63	44.82	   11.00	    6.00
13 	12.47	28.62	    0.00	    4.00
14 	11.39	14.87	   22.00	    8.00
15 	13.67	47.23	   46.00	   32.00
16 	41.84	27.04	    2.00	   15.00
17 	20.03	36.97	   21.00	    1.00
18 	22.84	47.41	   10.00	    5.00
19 	4.45	46.24	   17.00	   13.00
20 	39.30	47.52	    3.00	   17.00
21 	37.16	48.23	   14.00	   18.00
22 	45.94	30.18	   22.00	   16.00
23 	36.22	22.90	   15.00	   16.00
24 	4.26	5.51	   22.00	    8.00
25 	15.57	15.10	    3.00	   21.00
26 	31.25	25.23	   12.00	   17.00
27 	2.18	45.75	    1.00	   15.00
28 	22.46	8.24	   13.00	    3.00
29 	21.88	0.62	   16.00	   16.00
30 	38.02	7.08	   44.00	   81.00
31 	28.04	47.34	    8.00	    5.00
32 	32.30	9.00	   19.00	   17.00
33 	26.29	35.58	    4.00	    0.00
34 	27.66	35.88	    8.00	    7.00
35 	46.14	40.05	   22.00	   10.00
36 	31.90	7.54	   24.00	    9.00
37 	1.81	22.01	   17.00	    8.00
38 	11.66	9.81	    1.00	   12.00
39 	29.00	5.11	   13.00	   17.00
40 	20.96	35.83	    3.00	   11.00
41 	18.37	28.69	   24.00	   10.00
42 	17.33	14.13	   21.00	    3.00
43 	1.49	33.65	   23.00	   18.00
44 	6.62	4.63	    0.00	   14.00
45 	21.48	0.82	   15.00	   23.00
46 	6.28	6.35	   13.00	   15.00
47 	17.99	8.45	    0.00	   23.00
48 	18.59	18.00	   21.00	   20.00
49 	22.17	31.22	    9.00	   15.00
50 	8.44	34.73	   10.00	   18.00
51 	25.00	25.00	    0.00	    0.00

Distance For Drone
    0	    1	    31.5
    0	    2	    12.4
    0	    3	    32.1
    0	    4	    32.5
    0	    5	    23.0
    0	    6	    15.6
    0	    7	     5.6
    0	    8	    25.9
    0	    9	    13.6
    0	   10	    12.8
    0	   11	    25.9
    0	   12	    20.1
    0	   13	    13.0
    0	   14	    17.0
    0	   15	    25.0
    0	   16	    17.0
    0	   17	    13.0
    0	   18	    22.5
    0	   19	    29.6
    0	   20	    26.7
    0	   21	    26.2
    0	   22	    21.6
    0	   23	    11.4
    0	   24	    28.5
    0	   25	    13.7
    0	   26	     6.3
    0	   27	    30.8
    0	   28	    17.0
    0	   29	    24.6
    0	   30	    22.2
    0	   31	    22.5
    0	   32	    17.6
    0	   33	    10.7
    0	   34	    11.2
    0	   35	    25.9
    0	   36	    18.8
    0	   37	    23.4
    0	   38	    20.2
    0	   39	    20.3
    0	   40	    11.6
    0	   41	     7.6
    0	   42	    13.3
    0	   43	    25.1
    0	   44	    27.4
    0	   45	    24.4
    0	   46	    26.4
    0	   47	    18.0
    0	   48	     9.5
    0	   49	     6.8
    0	   50	    19.2
    1	    2	    31.4
    1	    3	     4.1
    1	    4	    63.9
    1	    5	    45.1
    1	    6	    43.9
    1	    7	    26.7
    1	    8	    41.1
    1	    9	    44.3
    1	   10	    39.6
    1	   11	    33.8
    1	   12	    27.2
    1	   13	    40.1
    1	   14	    48.4
    1	   15	    35.2
    1	   16	    19.8
    1	   17	    30.1
    1	   18	    26.0
    1	   19	    44.4
    1	   20	     9.7
    1	   21	    11.9
    1	   22	    15.7
    1	   23	    26.0
    1	   24	    60.0
    1	   25	    45.1
    1	   26	    26.9
    1	   27	    46.6
    1	   28	    45.7
    1	   29	    52.4
    1	   30	    40.0
    1	   31	    20.9
    1	   32	    40.2
    1	   33	    24.7
    1	   34	    23.3
    1	   35	     6.2
    1	   36	    41.7
    1	   37	    52.6
    1	   38	    51.6
    1	   39	    45.1
    1	   40	    29.5
    1	   41	    34.8
    1	   42	    44.5
    1	   43	    48.8
    1	   44	    58.8
    1	   45	    52.5
    1	   46	    57.9
    1	   47	    48.3
    1	   48	    40.9
    1	   49	    30.3
    1	   50	    41.8
    1	   51	    31.5
    2	    1	    31.4
    2	    3	    33.4
    2	    4	    36.4
    2	    5	    14.3
    2	    6	    13.6
    2	    7	     9.8
    2	    8	    38.1
    2	    9	    16.5
    2	   10	    24.8
    2	   11	    13.7
    2	   12	    30.3
    2	   13	    25.0
    2	   14	    23.6
    2	   15	    36.5
    2	   16	    11.8
    2	   17	    24.4
    2	   18	    32.2
    2	   19	    41.8
    2	   20	    30.3
    2	   21	    30.8
    2	   22	    16.8
    2	   23	     5.5
    2	   24	    32.9
    2	   25	    19.5
    2	   26	     8.5
    2	   27	    43.2
    2	   28	    15.5
    2	   29	    21.3
    2	   30	    10.9
    2	   31	    30.6
    2	   32	     8.9
    2	   33	    20.0
    2	   34	    19.7
    2	   35	    25.2
    2	   36	    10.4
    2	   37	    33.4
    2	   38	    24.5
    2	   39	    13.7
    2	   40	    23.0
    2	   41	    19.9
    2	   42	    17.9
    2	   43	    37.1
    2	   44	    31.1
    2	   45	    21.4
    2	   46	    30.7
    2	   47	    19.2
    2	   48	    16.3
    2	   49	    18.7
    2	   50	    31.5
    2	   51	    12.4
    3	    1	     4.1
    3	    2	    33.4
    3	    4	    64.5
    3	    5	    47.5
    3	    6	    45.4
    3	    7	    27.7
    3	    8	    38.9
    3	    9	    45.2
    3	   10	    38.9
    3	   11	    37.1
    3	   12	    25.1
    3	   13	    39.5
    3	   14	    48.8
    3	   15	    32.7
    3	   16	    22.3
    3	   17	    28.9
    3	   18	    23.6
    3	   19	    42.0
    3	   20	     7.2
    3	   21	     9.2
    3	   22	    18.7
    3	   23	    27.9
    3	   24	    60.5
    3	   25	    45.7
    3	   26	    28.1
    3	   27	    44.3
    3	   28	    47.2
    3	   29	    54.1
    3	   30	    42.7
    3	   31	    18.4
    3	   32	    42.3
    3	   33	    24.1
    3	   34	    22.8
    3	   35	     8.9
    3	   36	    43.8
    3	   37	    52.0
    3	   38	    52.3
    3	   39	    47.1
    3	   40	    28.6
    3	   41	    34.5
    3	   42	    45.3
    3	   43	    47.4
    3	   44	    59.5
    3	   45	    54.1
    3	   46	    58.5
    3	   47	    49.4
    3	   48	    41.6
    3	   49	    30.0
    3	   50	    40.5
    3	   51	    32.1
    4	    1	    63.9
    4	    2	    36.4
    4	    3	    64.5
    4	    5	    31.2
    4	    6	    23.4
    4	    7	    37.3
    4	    8	    42.4
    4	    9	    20.3
    4	   10	    28.9
    4	   11	    46.6
    4	   12	    46.9
    4	   13	    28.4
    4	   14	    15.8
    4	   15	    46.4
    4	   16	    47.1
    4	   17	    39.1
    4	   18	    49.7
    4	   19	    44.0
    4	   20	    58.7
    4	   21	    57.9
    4	   22	    52.2
    4	   23	    40.1
    4	   24	     4.0
    4	   25	    18.8
    4	   26	    37.3
    4	   27	    43.4
    4	   28	    21.5
    4	   29	    20.2
    4	   30	    36.6
    4	   31	    52.1
    4	   32	    31.3
    4	   33	    41.3
    4	   34	    42.4
    4	   35	    58.2
    4	   36	    30.6
    4	   37	    19.7
    4	   38	    12.4
    4	   39	    27.4
    4	   40	    38.6
    4	   41	    31.1
    4	   42	    19.5
    4	   43	    31.3
    4	   44	     5.4
    4	   45	    19.8
    4	   46	     6.0
    4	   47	    17.3
    4	   48	    23.0
    4	   49	    35.4
    4	   50	    33.1
    4	   51	    32.5
    5	    1	    45.1
    5	    2	    14.3
    5	    3	    47.5
    5	    4	    31.2
    5	    6	    10.8
    5	    7	    23.0
    5	    8	    48.1
    5	    9	    16.7
    5	   10	    32.6
    5	   11	    16.7
    5	   12	    43.0
    5	   13	    32.5
    5	   14	    24.4
    5	   15	    47.9
    5	   16	    25.3
    5	   17	    36.0
    5	   18	    45.2
    5	   19	    51.5
    5	   20	    44.6
    5	   21	    45.1
    5	   22	    29.8
    5	   23	    19.8
    5	   24	    28.7
    5	   25	    21.0
    5	   26	    21.9
    5	   27	    52.4
    5	   28	    11.5
    5	   29	    11.4
    5	   30	     6.3
    5	   31	    44.2
    5	   32	     5.7
    5	   33	    32.9
    5	   34	    32.9
    5	   35	    39.0
    5	   36	     4.3
    5	   37	    36.3
    5	   38	    22.2
    5	   39	     4.3
    5	   40	    34.6
    5	   41	    29.2
    5	   42	    19.0
    5	   43	    43.7
    5	   44	    26.3
    5	   45	    11.7
    5	   46	    26.8
    5	   47	    15.8
    5	   48	    20.5
    5	   49	    29.9
    5	   50	    39.8
    5	   51	    23.0
    6	    1	    43.9
    6	    2	    13.6
    6	    3	    45.4
    6	    4	    23.4
    6	    5	    10.8
    6	    7	    18.0
    6	    8	    38.5
    6	    9	     5.9
    6	   10	    22.5
    6	   11	    23.5
    6	   12	    35.5
    6	   13	    22.4
    6	   14	    13.7
    6	   15	    39.2
    6	   16	    25.1
    6	   17	    27.8
    6	   18	    38.0
    6	   19	    41.7
    6	   20	    41.0
    6	   21	    41.0
    6	   22	    30.2
    6	   23	    18.2
    6	   24	    20.1
    6	   25	    10.2
    6	   26	    17.4
    6	   27	    42.4
    6	   28	     2.0
    6	   29	     9.1
    6	   30	    14.2
    6	   31	    38.1
    6	   32	     8.3
    6	   33	    26.2
    6	   34	    26.7
    6	   35	    37.8
    6	   36	     8.1
    6	   37	    25.5
    6	   38	    12.4
    6	   39	     6.6
    6	   40	    26.6
    6	   41	    20.1
    6	   42	     8.2
    6	   43	    33.1
    6	   44	    18.0
    6	   45	     9.0
    6	   46	    18.0
    6	   47	     6.1
    6	   48	    10.1
    6	   49	    21.9
    6	   50	    29.7
    6	   51	    15.6
    7	    1	    26.7
    7	    2	     9.8
    7	    3	    27.7
    7	    4	    37.3
    7	    5	    23.0
    7	    6	    18.0
    7	    8	    29.0
    7	    9	    17.6
    7	   10	    17.8
    7	   11	    22.2
    7	   12	    20.5
    7	   13	    18.1
    7	   14	    22.2
    7	   15	    26.8
    7	   16	    11.5
    7	   17	    14.9
    7	   18	    22.5
    7	   19	    32.8
    7	   20	    23.0
    7	   21	    23.0
    7	   22	    16.0
    7	   23	     6.7
    7	   24	    33.4
    7	   25	    18.6
    7	   26	     1.3
    7	   27	    34.3
    7	   28	    19.7
    7	   29	    27.0
    7	   30	    20.6
    7	   31	    21.2
    7	   32	    17.4
    7	   33	    10.2
    7	   34	    10.0
    7	   35	    20.9
    7	   36	    18.8
    7	   37	    28.9
    7	   38	    24.9
    7	   39	    21.2
    7	   40	    13.4
    7	   41	    12.3
    7	   42	    17.8
    7	   43	    29.8
    7	   44	    32.2
    7	   45	    27.0
    7	   46	    31.3
    7	   47	    21.7
    7	   48	    14.4
    7	   49	     9.6
    7	   50	    23.5
    7	   51	     5.6
    8	    1	    41.1
    8	    2	    38.1
    8	    3	    38.9
    8	    4	    42.4
    8	    5	    48.1
    8	    6	    38.5
    8	    7	    29.0
    8	    9	    33.5
    8	   10	    16.1
    8	   11	    51.2
    8	   12	    13.9
    8	   13	    16.4
    8	   14	    29.7
    8	   15	     6.6
    8	   16	    38.3
    8	   17	    14.3
    8	   18	    15.5
    8	   19	     3.8
    8	   20	    31.8
    8	   21	    29.7
    8	   22	    40.8
    8	   23	    35.7
    8	   24	    39.0
    8	   25	    30.3
    8	   26	    30.3
    8	   27	     5.7
    8	   28	    39.0
    8	   29	    45.9
    8	   30	    48.0
    8	   31	    20.6
    8	   32	    43.0
    8	   33	    20.5
    8	   34	    21.7
    8	   35	    38.7
    8	   36	    44.0
    8	   37	    23.1
    8	   38	    34.7
    8	   39	    44.6
    8	   40	    15.7
    8	   41	    18.9
    8	   42	    31.7
    8	   43	    12.3
    8	   44	    39.7
    8	   45	    45.6
    8	   46	    38.0
    8	   47	    37.3
    8	   48	    28.5
    8	   49	    19.5
    8	   50	     9.6
    8	   51	    25.9
    9	    1	    44.3
    9	    2	    16.5
    9	    3	    45.2
    9	    4	    20.3
    9	    5	    16.7
    9	    6	     5.9
    9	    7	    17.6
    9	    8	    33.5
    9	   10	    17.4
    9	   11	    28.2
    9	   12	    32.1
    9	   13	    17.2
    9	   14	     8.0
    9	   15	    34.9
    9	   16	    26.8
    9	   17	    24.2
    9	   18	    34.8
    9	   19	    36.5
    9	   20	    40.2
    9	   21	    39.8
    9	   22	    32.0
    9	   23	    19.9
    9	   24	    16.5
    9	   25	     4.2
    9	   26	    17.4
    9	   27	    37.1
    9	   28	     5.7
    9	   29	    12.5
    9	   30	    19.8
    9	   31	    35.7
    9	   32	    13.7
    9	   33	    23.9
    9	   34	    24.6
    9	   35	    38.4
    9	   36	    13.8
    9	   37	    19.6
    9	   38	     8.0
    9	   39	    12.5
    9	   40	    23.1
    9	   41	    15.9
    9	   42	     2.2
    9	   43	    27.3
    9	   44	    14.9
    9	   45	    12.2
    9	   46	    14.4
    9	   47	     4.5
    9	   48	     5.2
    9	   49	    18.7
    9	   50	    24.4
    9	   51	    13.6
   10	    1	    39.6
   10	    2	    24.8
   10	    3	    38.9
   10	    4	    28.9
   10	    5	    32.6
   10	    6	    22.5
   10	    7	    17.8
   10	    8	    16.1
   10	    9	    17.4
   10	   11	    38.5
   10	   12	    18.1
   10	   13	     0.6
   10	   14	    14.2
   10	   15	    18.2
   10	   16	    29.0
   10	   17	    10.7
   10	   18	    20.9
   10	   19	    19.2
   10	   20	    32.3
   10	   21	    31.0
   10	   22	    33.1
   10	   23	    24.1
   10	   24	    25.0
   10	   25	    14.2
   10	   26	    18.8
   10	   27	    19.9
   10	   28	    22.9
   10	   29	    29.8
   10	   30	    33.4
   10	   31	    23.8
   10	   32	    27.9
   10	   33	    14.9
   10	   34	    16.3
   10	   35	    35.1
   10	   36	    28.7
   10	   37	    13.1
   10	   38	    19.2
   10	   39	    28.8
   10	   40	    10.6
   10	   41	     5.5
   10	   42	    15.5
   10	   43	    12.3
   10	   44	    25.2
   10	   45	    29.5
   10	   46	    23.6
   10	   47	    21.2
   10	   48	    12.4
   10	   49	     9.6
   10	   50	     7.2
   10	   51	    12.8
   11	    1	    33.8
   11	    2	    13.7
   11	    3	    37.1
   11	    4	    46.6
   11	    5	    16.7
   11	    6	    23.5
   11	    7	    22.2
   11	    8	    51.2
   11	    9	    28.2
   11	   10	    38.5
   11	   12	    41.8
   11	   13	    38.7
   11	   14	    36.1
   11	   15	    48.9
   11	   16	    16.2
   11	   17	    37.1
   11	   18	    43.2
   11	   19	    55.0
   11	   20	    36.6
   11	   21	    37.8
   11	   22	    18.4
   11	   23	    15.7
   11	   24	    43.5
   11	   25	    31.9
   11	   26	    20.9
   11	   27	    56.5
   11	   28	    25.1
   11	   29	    27.8
   11	   30	    10.5
   11	   31	    40.4
   11	   32	    15.3
   11	   33	    31.7
   11	   34	    31.1
   11	   35	    28.2
   11	   36	    16.0
   11	   37	    46.7
   11	   38	    35.7
   11	   39	    19.5
   11	   40	    35.7
   11	   41	    33.5
   11	   42	    30.1
   11	   43	    50.8
   11	   44	    41.4
   11	   45	    28.1
   11	   46	    41.4
   11	   47	    29.5
   11	   48	    29.4
   11	   49	    31.8
   11	   50	    45.1
   11	   51	    25.9
   12	    1	    27.2
   12	    2	    30.3
   12	    3	    25.1
   12	    4	    46.9
   12	    5	    43.0
   12	    6	    35.5
   12	    7	    20.5
   12	    8	    13.9
   12	    9	    32.1
   12	   10	    18.1
   12	   11	    41.8
   12	   13	    18.6
   12	   14	    31.7
   12	   15	     8.3
   12	   16	    26.9
   12	   17	     8.0
   12	   18	     2.9
   12	   19	    17.2
   12	   20	    17.9
   12	   21	    15.9
   12	   22	    28.4
   12	   23	    26.3
   12	   24	    43.0
   12	   25	    30.3
   12	   26	    21.8
   12	   27	    19.5
   12	   28	    36.6
   12	   29	    44.2
   12	   30	    41.1
   12	   31	     6.9
   12	   32	    37.4
   12	   33	    10.3
   12	   34	    10.8
   12	   35	    25.0
   12	   36	    38.7
   12	   37	    30.2
   12	   38	    36.4
   12	   39	    40.4
   12	   40	     9.0
   12	   41	    16.5
   12	   42	    31.0
   12	   43	    23.0
   12	   44	    42.9
   12	   45	    44.0
   12	   46	    41.4
   12	   47	    36.6
   12	   48	    27.0
   12	   49	    13.6
   12	   50	    16.6
   12	   51	    20.1
   13	    1	    40.1
   13	    2	    25.0
   13	    3	    39.5
   13	    4	    28.4
   13	    5	    32.5
   13	    6	    22.4
   13	    7	    18.1
   13	    8	    16.4
   13	    9	    17.2
   13	   10	     0.6
   13	   11	    38.7
   13	   12	    18.6
   13	   14	    13.8
   13	   15	    18.6
   13	   16	    29.4
   13	   17	    11.3
   13	   18	    21.5
   13	   19	    19.4
   13	   20	    32.8
   13	   21	    31.5
   13	   22	    33.5
   13	   23	    24.4
   13	   24	    24.5
   13	   25	    13.9
   13	   26	    19.1
   13	   27	    20.0
   13	   28	    22.7
   13	   29	    29.5
   13	   30	    33.4
   13	   31	    24.3
   13	   32	    27.9
   13	   33	    15.5
   13	   34	    16.8
   13	   35	    35.6
   13	   36	    28.7
   13	   37	    12.5
   13	   38	    18.8
   13	   39	    28.7
   13	   40	    11.1
   13	   41	     5.9
   13	   42	    15.3
   13	   43	    12.1
   13	   44	    24.7
   13	   45	    29.2
   13	   46	    23.1
   13	   47	    20.9
   13	   48	    12.3
   13	   49	    10.0
   13	   50	     7.3
   13	   51	    13.0
   14	    1	    48.4
   14	    2	    23.6
   14	    3	    48.8
   14	    4	    15.8
   14	    5	    24.4
   14	    6	    13.7
   14	    7	    22.2
   14	    8	    29.7
   14	    9	     8.0
   14	   10	    14.2
   14	   11	    36.1
   14	   12	    31.7
   14	   13	    13.8
   14	   15	    32.4
   14	   16	    32.8
   14	   17	    23.7
   14	   18	    34.5
   14	   19	    32.1
   14	   20	    43.0
   14	   21	    42.2
   14	   22	    37.8
   14	   23	    26.1
   14	   24	    11.8
   14	   25	     4.2
   14	   26	    22.4
   14	   27	    32.2
   14	   28	    12.9
   14	   29	    17.7
   14	   30	    27.7
   14	   31	    36.5
   14	   32	    21.7
   14	   33	    25.5
   14	   34	    26.6
   14	   35	    42.9
   14	   36	    21.8
   14	   37	    11.9
   14	   38	     5.1
   14	   39	    20.1
   14	   40	    23.0
   14	   41	    15.5
   14	   42	     6.0
   14	   43	    21.2
   14	   44	    11.3
   14	   45	    17.3
   14	   46	     9.9
   14	   47	     9.2
   14	   48	     7.9
   14	   49	    19.6
   14	   50	    20.1
   14	   51	    17.0
   15	    1	    35.2
   15	    2	    36.5
   15	    3	    32.7
   15	    4	    46.4
   15	    5	    47.9
   15	    6	    39.2
   15	    7	    26.8
   15	    8	     6.6
   15	    9	    34.9
   15	   10	    18.2
   15	   11	    48.9
   15	   12	     8.3
   15	   13	    18.6
   15	   14	    32.4
   15	   16	    34.7
   15	   17	    12.1
   15	   18	     9.2
   15	   19	     9.3
   15	   20	    25.6
   15	   21	    23.5
   15	   22	    36.5
   15	   23	    33.2
   15	   24	    42.8
   15	   25	    32.2
   15	   26	    28.2
   15	   27	    11.6
   15	   28	    40.0
   15	   29	    47.3
   15	   30	    47.0
   15	   31	    14.4
   15	   32	    42.5
   15	   33	    17.2
   15	   34	    18.0
   15	   35	    33.3
   15	   36	    43.7
   15	   37	    27.9
   15	   38	    37.5
   15	   39	    44.8
   15	   40	    13.5
   15	   41	    19.1
   15	   42	    33.3
   15	   43	    18.2
   15	   44	    43.2
   15	   45	    47.1
   15	   46	    41.5
   15	   47	    39.0
   15	   48	    29.6
   15	   49	    18.1
   15	   50	    13.6
   15	   51	    25.0
   16	    1	    19.8
   16	    2	    11.8
   16	    3	    22.3
   16	    4	    47.1
   16	    5	    25.3
   16	    6	    25.1
   16	    7	    11.5
   16	    8	    38.3
   16	    9	    26.8
   16	   10	    29.0
   16	   11	    16.2
   16	   12	    26.9
   16	   13	    29.4
   16	   14	    32.8
   16	   15	    34.7
   16	   17	    24.0
   16	   18	    27.9
   16	   19	    42.0
   16	   20	    20.6
   16	   21	    21.7
   16	   22	     5.2
   16	   23	     7.0
   16	   24	    43.3
   16	   25	    28.9
   16	   26	    10.7
   16	   27	    43.9
   16	   28	    27.0
   16	   29	    33.1
   16	   30	    20.3
   16	   31	    24.5
   16	   32	    20.4
   16	   33	    17.7
   16	   34	    16.7
   16	   35	    13.7
   16	   36	    21.9
   16	   37	    40.3
   16	   38	    34.8
   16	   39	    25.4
   16	   40	    22.7
   16	   41	    23.5
   16	   42	    27.7
   16	   43	    40.9
   16	   44	    41.7
   16	   45	    33.2
   16	   46	    41.1
   16	   47	    30.2
   16	   48	    24.9
   16	   49	    20.1
   16	   50	    34.3
   16	   51	    17.0
   17	    1	    30.1
   17	    2	    24.4
   17	    3	    28.9
   17	    4	    39.1
   17	    5	    36.0
   17	    6	    27.8
   17	    7	    14.9
   17	    8	    14.3
   17	    9	    24.2
   17	   10	    10.7
   17	   11	    37.1
   17	   12	     8.0
   17	   13	    11.3
   17	   14	    23.7
   17	   15	    12.1
   17	   16	    24.0
   17	   18	    10.8
   17	   19	    18.1
   17	   20	    22.0
   17	   21	    20.5
   17	   22	    26.8
   17	   23	    21.4
   17	   24	    35.2
   17	   25	    22.3
   17	   26	    16.2
   17	   27	    19.9
   17	   28	    28.8
   17	   29	    36.4
   17	   30	    34.9
   17	   31	    13.1
   17	   32	    30.5
   17	   33	     6.4
   17	   34	     7.7
   17	   35	    26.3
   17	   36	    31.7
   17	   37	    23.6
   17	   38	    28.4
   17	   39	    33.1
   17	   40	     1.5
   17	   41	     8.4
   17	   42	    23.0
   17	   43	    18.8
   17	   44	    35.0
   17	   45	    36.2
   17	   46	    33.6
   17	   47	    28.6
   17	   48	    19.0
   17	   49	     6.1
   17	   50	    11.8
   17	   51	    13.0
   18	    1	    26.0
   18	    2	    32.2
   18	    3	    23.6
   18	    4	    49.7
   18	    5	    45.2
   18	    6	    38.0
   18	    7	    22.5
   18	    8	    15.5
   18	    9	    34.8
   18	   10	    20.9
   18	   11	    43.2
   18	   12	     2.9
   18	   13	    21.5
   18	   14	    34.5
   18	   15	     9.2
   18	   16	    27.9
   18	   17	    10.8
   18	   19	    18.4
   18	   20	    16.5
   18	   21	    14.3
   18	   22	    28.8
   18	   23	    27.9
   18	   24	    45.8
   18	   25	    33.1
   18	   26	    23.7
   18	   27	    20.7
   18	   28	    39.2
   18	   29	    46.8
   18	   30	    43.1
   18	   31	     5.2
   18	   32	    39.6
   18	   33	    12.3
   18	   34	    12.5
   18	   35	    24.4
   18	   36	    40.9
   18	   37	    33.0
   18	   38	    39.2
   18	   39	    42.7
   18	   40	    11.7
   18	   41	    19.2
   18	   42	    33.7
   18	   43	    25.4
   18	   44	    45.8
   18	   45	    46.6
   18	   46	    44.3
   18	   47	    39.3
   18	   48	    29.7
   18	   49	    16.2
   18	   50	    19.2
   18	   51	    22.5
   19	    1	    44.4
   19	    2	    41.8
   19	    3	    42.0
   19	    4	    44.0
   19	    5	    51.5
   19	    6	    41.7
   19	    7	    32.8
   19	    8	     3.8
   19	    9	    36.5
   19	   10	    19.2
   19	   11	    55.0
   19	   12	    17.2
   19	   13	    19.4
   19	   14	    32.1
   19	   15	     9.3
   19	   16	    42.0
   19	   17	    18.1
   19	   18	    18.4
   19	   20	    34.9
   19	   21	    32.8
   19	   22	    44.5
   19	   23	    39.4
   19	   24	    40.7
   19	   25	    33.1
   19	   26	    34.1
   19	   27	     2.3
   19	   28	    42.1
   19	   29	    48.8
   19	   30	    51.6
   19	   31	    23.6
   19	   32	    46.5
   19	   33	    24.3
   19	   34	    25.4
   19	   35	    42.1
   19	   36	    47.4
   19	   37	    24.4
   19	   38	    37.1
   19	   39	    47.9
   19	   40	    19.5
   19	   41	    22.4
   19	   42	    34.6
   19	   43	    12.9
   19	   44	    41.7
   19	   45	    48.5
   19	   46	    39.9
   19	   47	    40.1
   19	   48	    31.6
   19	   49	    23.2
   19	   50	    12.2
   19	   51	    29.6
   20	    1	     9.7
   20	    2	    30.3
   20	    3	     7.2
   20	    4	    58.7
   20	    5	    44.6
   20	    6	    41.0
   20	    7	    23.0
   20	    8	    31.8
   20	    9	    40.2
   20	   10	    32.3
   20	   11	    36.6
   20	   12	    17.9
   20	   13	    32.8
   20	   14	    43.0
   20	   15	    25.6
   20	   16	    20.6
   20	   17	    22.0
   20	   18	    16.5
   20	   19	    34.9
   20	   21	     2.3
   20	   22	    18.6
   20	   23	    24.8
   20	   24	    54.7
   20	   25	    40.2
   20	   26	    23.7
   20	   27	    37.2
   20	   28	    42.7
   20	   29	    50.0
   20	   30	    40.5
   20	   31	    11.3
   20	   32	    39.2
   20	   33	    17.7
   20	   34	    16.5
   20	   35	    10.1
   20	   36	    40.7
   20	   37	    45.3
   20	   38	    46.8
   20	   39	    43.6
   20	   40	    21.7
   20	   41	    28.2
   20	   42	    40.0
   20	   43	    40.3
   20	   44	    53.9
   20	   45	    50.0
   20	   46	    52.8
   20	   47	    44.5
   20	   48	    36.1
   20	   49	    23.6
   20	   50	    33.4
   20	   51	    26.7
   21	    1	    11.9
   21	    2	    30.8
   21	    3	     9.2
   21	    4	    57.9
   21	    5	    45.1
   21	    6	    41.0
   21	    7	    23.0
   21	    8	    29.7
   21	    9	    39.8
   21	   10	    31.0
   21	   11	    37.8
   21	   12	    15.9
   21	   13	    31.5
   21	   14	    42.2
   21	   15	    23.5
   21	   16	    21.7
   21	   17	    20.5
   21	   18	    14.3
   21	   19	    32.8
   21	   20	     2.3
   21	   22	    20.1
   21	   23	    25.3
   21	   24	    53.9
   21	   25	    39.5
   21	   26	    23.7
   21	   27	    35.1
   21	   28	    42.6
   21	   29	    50.0
   21	   30	    41.2
   21	   31	     9.2
   21	   32	    39.5
   21	   33	    16.7
   21	   34	    15.6
   21	   35	    12.1
   21	   36	    41.0
   21	   37	    44.0
   21	   38	    46.1
   21	   39	    43.9
   21	   40	    20.4
   21	   41	    27.1
   21	   42	    39.4
   21	   43	    38.5
   21	   44	    53.2
   21	   45	    49.9
   21	   46	    52.0
   21	   47	    44.2
   21	   48	    35.5
   21	   49	    22.7
   21	   50	    31.7
   21	   51	    26.2
   22	    1	    15.7
   22	    2	    16.8
   22	    3	    18.7
   22	    4	    52.2
   22	    5	    29.8
   22	    6	    30.2
   22	    7	    16.0
   22	    8	    40.8
   22	    9	    32.0
   22	   10	    33.1
   22	   11	    18.4
   22	   12	    28.4
   22	   13	    33.5
   22	   14	    37.8
   22	   15	    36.5
   22	   16	     5.2
   22	   17	    26.8
   22	   18	    28.8
   22	   19	    44.5
   22	   20	    18.6
   22	   21	    20.1
   22	   23	    12.1
   22	   24	    48.4
   22	   25	    33.9
   22	   26	    15.5
   22	   27	    46.4
   22	   28	    32.1
   22	   29	    38.1
   22	   30	    24.4
   22	   31	    24.8
   22	   32	    25.2
   22	   33	    20.4
   22	   34	    19.1
   22	   35	     9.9
   22	   36	    26.6
   22	   37	    44.9
   22	   38	    39.9
   22	   39	    30.3
   22	   40	    25.6
   22	   41	    27.6
   22	   42	    32.8
   22	   43	    44.6
   22	   44	    46.9
   22	   45	    38.2
   22	   46	    46.3
   22	   47	    35.4
   22	   48	    29.9
   22	   49	    23.8
   22	   50	    37.8
   22	   51	    21.6
   23	    1	    26.0
   23	    2	     5.5
   23	    3	    27.9
   23	    4	    40.1
   23	    5	    19.8
   23	    6	    18.2
   23	    7	     6.7
   23	    8	    35.7
   23	    9	    19.9
   23	   10	    24.1
   23	   11	    15.7
   23	   12	    26.3
   23	   13	    24.4
   23	   14	    26.1
   23	   15	    33.2
   23	   16	     7.0
   23	   17	    21.4
   23	   18	    27.9
   23	   19	    39.4
   23	   20	    24.8
   23	   21	    25.3
   23	   22	    12.1
   23	   24	    36.4
   23	   25	    22.1
   23	   26	     5.5
   23	   27	    41.0
   23	   28	    20.1
   23	   29	    26.5
   23	   30	    15.9
   23	   31	    25.8
   23	   32	    14.4
   23	   33	    16.1
   23	   34	    15.5
   23	   35	    19.8
   23	   36	    16.0
   23	   37	    34.4
   23	   38	    27.8
   23	   39	    19.2
   23	   40	    20.0
   23	   41	    18.8
   23	   42	    20.8
   23	   43	    36.4
   23	   44	    34.8
   23	   45	    26.5
   23	   46	    34.2
   23	   47	    23.3
   23	   48	    18.3
   23	   49	    16.3
   23	   50	    30.2
   23	   51	    11.4
   24	    1	    60.0
   24	    2	    32.9
   24	    3	    60.5
   24	    4	     4.0
   24	    5	    28.7
   24	    6	    20.1
   24	    7	    33.4
   24	    8	    39.0
   24	    9	    16.5
   24	   10	    25.0
   24	   11	    43.5
   24	   12	    43.0
   24	   13	    24.5
   24	   14	    11.8
   24	   15	    42.8
   24	   16	    43.3
   24	   17	    35.2
   24	   18	    45.8
   24	   19	    40.7
   24	   20	    54.7
   24	   21	    53.9
   24	   22	    48.4
   24	   23	    36.4
   24	   25	    14.8
   24	   26	    33.4
   24	   27	    40.3
   24	   28	    18.4
   24	   29	    18.3
   24	   30	    33.8
   24	   31	    48.1
   24	   32	    28.3
   24	   33	    37.3
   24	   34	    38.3
   24	   35	    54.3
   24	   36	    27.7
   24	   37	    16.7
   24	   38	     8.6
   24	   39	    24.7
   24	   40	    34.6
   24	   41	    27.1
   24	   42	    15.7
   24	   43	    28.3
   24	   44	     2.5
   24	   45	    17.8
   24	   46	     2.2
   24	   47	    14.0
   24	   48	    19.0
   24	   49	    31.3
   24	   50	    29.5
   24	   51	    28.5
   25	    1	    45.1
   25	    2	    19.5
   25	    3	    45.7
   25	    4	    18.8
   25	    5	    21.0
   25	    6	    10.2
   25	    7	    18.6
   25	    8	    30.3
   25	    9	     4.2
   25	   10	    14.2
   25	   11	    31.9
   25	   12	    30.3
   25	   13	    13.9
   25	   14	     4.2
   25	   15	    32.2
   25	   16	    28.9
   25	   17	    22.3
   25	   18	    33.1
   25	   19	    33.1
   25	   20	    40.2
   25	   21	    39.5
   25	   22	    33.9
   25	   23	    22.1
   25	   24	    14.8
   25	   26	    18.7
   25	   27	    33.4
   25	   28	     9.7
   25	   29	    15.8
   25	   30	    23.8
   25	   31	    34.6
   25	   32	    17.8
   25	   33	    23.1
   25	   34	    24.0
   25	   35	    39.5
   25	   36	    18.0
   25	   37	    15.4
   25	   38	     6.6
   25	   39	    16.7
   25	   40	    21.4
   25	   41	    13.9
   25	   42	     2.0
   25	   43	    23.3
   25	   44	    13.8
   25	   45	    15.5
   25	   46	    12.8
   25	   47	     7.1
   25	   48	     4.2
   25	   49	    17.4
   25	   50	    20.9
   25	   51	    13.7
   26	    1	    26.9
   26	    2	     8.5
   26	    3	    28.1
   26	    4	    37.3
   26	    5	    21.9
   26	    6	    17.4
   26	    7	     1.3
   26	    8	    30.3
   26	    9	    17.4
   26	   10	    18.8
   26	   11	    20.9
   26	   12	    21.8
   26	   13	    19.1
   26	   14	    22.4
   26	   15	    28.2
   26	   16	    10.7
   26	   17	    16.2
   26	   18	    23.7
   26	   19	    34.1
   26	   20	    23.7
   26	   21	    23.7
   26	   22	    15.5
   26	   23	     5.5
   26	   24	    33.4
   26	   25	    18.7
   26	   27	    35.6
   26	   28	    19.1
   26	   29	    26.3
   26	   30	    19.4
   26	   31	    22.3
   26	   32	    16.3
   26	   33	    11.5
   26	   34	    11.2
   26	   35	    21.0
   26	   36	    17.7
   26	   37	    29.6
   26	   38	    24.9
   26	   39	    20.2
   26	   40	    14.8
   26	   41	    13.3
   26	   42	    17.8
   26	   43	    30.9
   26	   44	    32.1
   26	   45	    26.3
   26	   46	    31.3
   26	   47	    21.4
   26	   48	    14.6
   26	   49	    10.9
   26	   50	    24.7
   26	   51	     6.3
   27	    1	    46.6
   27	    2	    43.2
   27	    3	    44.3
   27	    4	    43.4
   27	    5	    52.4
   27	    6	    42.4
   27	    7	    34.3
   27	    8	     5.7
   27	    9	    37.1
   27	   10	    19.9
   27	   11	    56.5
   27	   12	    19.5
   27	   13	    20.0
   27	   14	    32.2
   27	   15	    11.6
   27	   16	    43.9
   27	   17	    19.9
   27	   18	    20.7
   27	   19	     2.3
   27	   20	    37.2
   27	   21	    35.1
   27	   22	    46.4
   27	   23	    41.0
   27	   24	    40.3
   27	   25	    33.4
   27	   26	    35.6
   27	   28	    42.6
   27	   29	    49.2
   27	   30	    52.7
   27	   31	    25.9
   27	   32	    47.5
   27	   33	    26.2
   27	   34	    27.3
   27	   35	    44.3
   27	   36	    48.4
   27	   37	    23.7
   27	   38	    37.2
   27	   39	    48.7
   27	   40	    21.2
   27	   41	    23.5
   27	   42	    35.1
   27	   43	    12.1
   27	   44	    41.4
   27	   45	    48.9
   27	   46	    39.6
   27	   47	    40.5
   27	   48	    32.2
   27	   49	    24.7
   27	   50	    12.7
   27	   51	    30.8
   28	    1	    45.7
   28	    2	    15.5
   28	    3	    47.2
   28	    4	    21.5
   28	    5	    11.5
   28	    6	     2.0
   28	    7	    19.7
   28	    8	    39.0
   28	    9	     5.7
   28	   10	    22.9
   28	   11	    25.1
   28	   12	    36.6
   28	   13	    22.7
   28	   14	    12.9
   28	   15	    40.0
   28	   16	    27.0
   28	   17	    28.8
   28	   18	    39.2
   28	   19	    42.1
   28	   20	    42.7
   28	   21	    42.6
   28	   22	    32.1
   28	   23	    20.1
   28	   24	    18.4
   28	   25	     9.7
   28	   26	    19.1
   28	   27	    42.6
   28	   29	     7.6
   28	   30	    15.6
   28	   31	    39.5
   28	   32	     9.9
   28	   33	    27.6
   28	   34	    28.1
   28	   35	    39.7
   28	   36	     9.5
   28	   37	    24.8
   28	   38	    10.9
   28	   39	     7.3
   28	   40	    27.6
   28	   41	    20.9
   28	   42	     7.8
   28	   43	    32.9
   28	   44	    16.2
   28	   45	     7.5
   28	   46	    16.3
   28	   47	     4.5
   28	   48	    10.5
   28	   49	    23.0
   28	   50	    30.0
   28	   51	    17.0
   29	    1	    52.4
   29	    2	    21.3
   29	    3	    54.1
   29	    4	    20.2
   29	    5	    11.4
   29	    6	     9.1
   29	    7	    27.0
   29	    8	    45.9
   29	    9	    12.5
   29	   10	    29.8
   29	   11	    27.8
   29	   12	    44.2
   29	   13	    29.5
   29	   14	    17.7
   29	   15	    47.3
   29	   16	    33.1
   29	   17	    36.4
   29	   18	    46.8
   29	   19	    48.8
   29	   20	    50.0
   29	   21	    50.0
   29	   22	    38.1
   29	   23	    26.5
   29	   24	    18.3
   29	   25	    15.8
   29	   26	    26.3
   29	   27	    49.2
   29	   28	     7.6
   29	   30	    17.4
   29	   31	    47.1
   29	   32	    13.4
   29	   33	    35.2
   29	   34	    35.7
   29	   35	    46.3
   29	   36	    12.2
   29	   37	    29.3
   29	   38	    13.7
   29	   39	     8.4
   29	   40	    35.2
   29	   41	    28.3
   29	   42	    14.3
   29	   43	    38.8
   29	   44	    15.8
   29	   45	     0.4
   29	   46	    16.6
   29	   47	     8.7
   29	   48	    17.7
   29	   49	    30.6
   29	   50	    36.7
   29	   51	    24.6
   30	    1	    40.0
   30	    2	    10.9
   30	    3	    42.7
   30	    4	    36.6
   30	    5	     6.3
   30	    6	    14.2
   30	    7	    20.6
   30	    8	    48.0
   30	    9	    19.8
   30	   10	    33.4
   30	   11	    10.5
   30	   12	    41.1
   30	   13	    33.4
   30	   14	    27.7
   30	   15	    47.0
   30	   16	    20.3
   30	   17	    34.9
   30	   18	    43.1
   30	   19	    51.6
   30	   20	    40.5
   30	   21	    41.2
   30	   22	    24.4
   30	   23	    15.9
   30	   24	    33.8
   30	   25	    23.8
   30	   26	    19.4
   30	   27	    52.7
   30	   28	    15.6
   30	   29	    17.4
   30	   31	    41.5
   30	   32	     6.0
   30	   33	    30.8
   30	   34	    30.6
   30	   35	    34.0
   30	   36	     6.1
   30	   37	    39.2
   30	   38	    26.5
   30	   39	     9.2
   30	   40	    33.4
   30	   41	    29.2
   30	   42	    21.9
   30	   43	    45.2
   30	   44	    31.5
   30	   45	    17.7
   30	   46	    31.7
   30	   47	    20.1
   30	   48	    22.3
   30	   49	    28.9
   30	   50	    40.5
   30	   51	    22.2
   31	    1	    20.9
   31	    2	    30.6
   31	    3	    18.4
   31	    4	    52.1
   31	    5	    44.2
   31	    6	    38.1
   31	    7	    21.2
   31	    8	    20.6
   31	    9	    35.7
   31	   10	    23.8
   31	   11	    40.4
   31	   12	     6.9
   31	   13	    24.3
   31	   14	    36.5
   31	   15	    14.4
   31	   16	    24.5
   31	   17	    13.1
   31	   18	     5.2
   31	   19	    23.6
   31	   20	    11.3
   31	   21	     9.2
   31	   22	    24.8
   31	   23	    25.8
   31	   24	    48.1
   31	   25	    34.6
   31	   26	    22.3
   31	   27	    25.9
   31	   28	    39.5
   31	   29	    47.1
   31	   30	    41.5
   31	   32	    38.6
   31	   33	    11.9
   31	   34	    11.5
   31	   35	    19.5
   31	   36	    40.0
   31	   37	    36.5
   31	   38	    40.9
   31	   39	    42.2
   31	   40	    13.5
   31	   41	    21.0
   31	   42	    34.9
   31	   43	    29.9
   31	   44	    47.8
   31	   45	    47.0
   31	   46	    46.4
   31	   47	    40.2
   31	   48	    30.8
   31	   49	    17.2
   31	   50	    23.3
   31	   51	    22.5
   32	    1	    40.2
   32	    2	     8.9
   32	    3	    42.3
   32	    4	    31.3
   32	    5	     5.7
   32	    6	     8.3
   32	    7	    17.4
   32	    8	    43.0
   32	    9	    13.7
   32	   10	    27.9
   32	   11	    15.3
   32	   12	    37.4
   32	   13	    27.9
   32	   14	    21.7
   32	   15	    42.5
   32	   16	    20.4
   32	   17	    30.5
   32	   18	    39.6
   32	   19	    46.5
   32	   20	    39.2
   32	   21	    39.5
   32	   22	    25.2
   32	   23	    14.4
   32	   24	    28.3
   32	   25	    17.8
   32	   26	    16.3
   32	   27	    47.5
   32	   28	     9.9
   32	   29	    13.4
   32	   30	     6.0
   32	   31	    38.6
   32	   33	    27.3
   32	   34	    27.3
   32	   35	    34.0
   32	   36	     1.5
   32	   37	    33.1
   32	   38	    20.7
   32	   39	     5.1
   32	   40	    29.1
   32	   41	    24.1
   32	   42	    15.8
   32	   43	    39.5
   32	   44	    26.0
   32	   45	    13.6
   32	   46	    26.2
   32	   47	    14.3
   32	   48	    16.4
   32	   49	    24.4
   32	   50	    35.1
   32	   51	    17.6
   33	    1	    24.7
   33	    2	    20.0
   33	    3	    24.1
   33	    4	    41.3
   33	    5	    32.9
   33	    6	    26.2
   33	    7	    10.2
   33	    8	    20.5
   33	    9	    23.9
   33	   10	    14.9
   33	   11	    31.7
   33	   12	    10.3
   33	   13	    15.5
   33	   14	    25.5
   33	   15	    17.2
   33	   16	    17.7
   33	   17	     6.4
   33	   18	    12.3
   33	   19	    24.3
   33	   20	    17.7
   33	   21	    16.7
   33	   22	    20.4
   33	   23	    16.1
   33	   24	    37.3
   33	   25	    23.1
   33	   26	    11.5
   33	   27	    26.2
   33	   28	    27.6
   33	   29	    35.2
   33	   30	    30.8
   33	   31	    11.9
   33	   32	    27.3
   33	   34	     1.4
   33	   35	    20.3
   33	   36	    28.6
   33	   37	    28.0
   33	   38	    29.6
   33	   39	    30.6
   33	   40	     5.3
   33	   41	    10.5
   33	   42	    23.2
   33	   43	    24.9
   33	   44	    36.7
   33	   45	    35.1
   33	   46	    35.4
   33	   47	    28.4
   33	   48	    19.2
   33	   49	     6.0
   33	   50	    17.9
   33	   51	    10.7
   34	    1	    23.3
   34	    2	    19.7
   34	    3	    22.8
   34	    4	    42.4
   34	    5	    32.9
   34	    6	    26.7
   34	    7	    10.0
   34	    8	    21.7
   34	    9	    24.6
   34	   10	    16.3
   34	   11	    31.1
   34	   12	    10.8
   34	   13	    16.8
   34	   14	    26.6
   34	   15	    18.0
   34	   16	    16.7
   34	   17	     7.7
   34	   18	    12.5
   34	   19	    25.4
   34	   20	    16.5
   34	   21	    15.6
   34	   22	    19.1
   34	   23	    15.5
   34	   24	    38.3
   34	   25	    24.0
