VEHICLE INFORMATION
Type	Number	Capacity	Endurance	 Speed	 Unit cost
Truck	25	200.0	8.00	35.0	1.00
Drone	2	30.0	1.00	70.0	0.20

CUSTOMER INFORMATION
Id 	X	Y	Demand_D	Demand_P
0	35.00	35.00	0.00	0.00
1	41.00	49.00	10.00	0.00
2	35.00	17.00	7.00	0.00
3	55.00	45.00	13.00	0.00
4	55.00	20.00	19.00	0.00
5	15.00	30.00	26.00	0.00
6	25.00	30.00	3.00	0.00
7	20.00	50.00	5.00	0.00
8	10.00	43.00	9.00	0.00
9	55.00	60.00	16.00	0.00
10	30.00	60.00	16.00	0.00
11	20.00	65.00	12.00	0.00
12	50.00	35.00	19.00	0.00
13	30.00	25.00	23.00	0.00
14	15.00	10.00	20.00	0.00
15	30.00	5.00	8.00	0.00
16	10.00	20.00	19.00	0.00
17	5.00	30.00	2.00	0.00
18	20.00	40.00	12.00	0.00
19	15.00	60.00	17.00	0.00
20	45.00	65.00	9.00	0.00
21	45.00	20.00	11.00	0.00
22	45.00	10.00	18.00	0.00
23	55.00	5.00	29.00	0.00
24	65.00	35.00	3.00	0.00
25	65.00	20.00	6.00	0.00
26	45.00	30.00	17.00	0.00
27	35.00	40.00	16.00	0.00
28	41.00	37.00	16.00	0.00
29	64.00	42.00	9.00	0.00
30	40.00	60.00	21.00	0.00
31	31.00	52.00	27.00	0.00
32	35.00	69.00	23.00	0.00
33	53.00	52.00	11.00	0.00
34	65.00	55.00	14.00	0.00
35	63.00	65.00	8.00	0.00
36	2.00	60.00	5.00	0.00
37	20.00	20.00	8.00	0.00
38	5.00	5.00	16.00	0.00
39	60.00	12.00	31.00	0.00
40	40.00	25.00	9.00	0.00
41	42.00	7.00	5.00	0.00
42	24.00	12.00	5.00	0.00
43	23.00	3.00	7.00	0.00
44	11.00	14.00	18.00	0.00
45	6.00	38.00	16.00	0.00
46	2.00	48.00	1.00	0.00
47	8.00	56.00	27.00	0.00
48	13.00	52.00	36.00	0.00
49	6.00	68.00	30.00	0.00
50	47.00	47.00	13.00	0.00
51	49.00	58.00	10.00	0.00
52	27.00	43.00	9.00	0.00
53	37.00	31.00	14.00	0.00
54	57.00	29.00	18.00	0.00
55	63.00	23.00	2.00	0.00
56	53.00	12.00	6.00	0.00
57	32.00	12.00	7.00	0.00
58	36.00	26.00	18.00	0.00
59	21.00	24.00	28.00	0.00
60	17.00	34.00	3.00	0.00
61	12.00	24.00	13.00	0.00
62	24.00	58.00	19.00	0.00
63	27.00	69.00	10.00	0.00
64	15.00	77.00	9.00	0.00
65	62.00	77.00	20.00	0.00
66	49.00	73.00	25.00	0.00
67	67.00	5.00	25.00	0.00
68	56.00	39.00	36.00	0.00
69	37.00	47.00	6.00	0.00
70	37.00	56.00	5.00	0.00
71	57.00	68.00	15.00	0.00
72	47.00	16.00	25.00	0.00
73	44.00	17.00	9.00	0.00
74	46.00	13.00	8.00	0.00
75	49.00	11.00	18.00	0.00
76	49.00	42.00	13.00	0.00
77	53.00	43.00	14.00	0.00
78	61.00	52.00	3.00	0.00
79	57.00	48.00	23.00	0.00
80	56.00	37.00	6.00	0.00
81	55.00	54.00	26.00	0.00
82	15.00	47.00	16.00	0.00
83	14.00	37.00	11.00	0.00
84	11.00	31.00	7.00	0.00
85	16.00	22.00	41.00	0.00
86	4.00	18.00	35.00	0.00
87	28.00	18.00	26.00	0.00
88	26.00	52.00	9.00	0.00
89	26.00	35.00	15.00	0.00
90	31.00	67.00	3.00	0.00
91	15.00	19.00	1.00	0.00
92	22.00	22.00	2.00	0.00
93	18.00	24.00	22.00	0.00
94	26.00	27.00	27.00	0.00
95	25.00	24.00	20.00	0.00
96	22.00	27.00	11.00	0.00
97	25.00	21.00	12.00	0.00
98	19.00	21.00	10.00	0.00
99	20.00	26.00	9.00	0.00
100	18.00	18.00	17.00	0.00
101	35.00	35.00	0.00	0.00

Distance For Drone
0	1	15.2315
0	2	18.0000
0	3	22.3607
0	4	25.0000
0	5	20.6155
0	6	11.1803
0	7	21.2132
0	8	26.2488
0	9	32.0156
0	10	25.4951
0	11	33.5410
0	12	15.0000
0	13	11.1803
0	14	32.0156
0	15	30.4138
0	16	29.1548
0	17	30.4138
0	18	15.8114
0	19	32.0156
0	20	31.6228
0	21	18.0278
0	22	26.9258
0	23	36.0555
0	24	30.0000
0	25	33.5410
0	26	11.1803
0	27	5.0000
0	28	6.3246
0	29	29.8329
0	30	25.4951
0	31	17.4642
0	32	34.0000
0	33	24.7588
0	34	36.0555
0	35	41.0366
0	36	41.4005
0	37	21.2132
0	38	42.4264
0	39	33.9706
0	40	11.1803
0	41	28.8617
0	42	25.4951
0	43	34.1760
0	44	31.8904
0	45	29.1548
0	46	35.4683
0	47	34.2053
0	48	27.8029
0	49	43.9318
0	50	16.9706
0	51	26.9258
0	52	11.3137
0	53	4.4721
0	54	22.8035
0	55	30.4631
0	56	29.2062
0	57	23.1948
0	58	9.0554
0	59	17.8045
0	60	18.0278
0	61	25.4951
0	62	25.4951
0	63	34.9285
0	64	46.5188
0	65	49.9300
0	66	40.4969
0	67	43.8634
0	68	21.3776
0	69	12.1655
0	70	21.0950
0	71	39.6611
0	72	22.4722
0	73	20.1246
0	74	24.5967
0	75	27.7849
0	76	15.6525
0	77	19.6977
0	78	31.0644
0	79	25.5539
0	80	21.0950
0	81	27.5862
0	82	23.3238
0	83	21.0950
0	84	24.3311
0	85	23.0217
0	86	35.3553
0	87	18.3848
0	88	19.2354
0	89	9.0000
0	90	32.2490
0	91	25.6125
0	92	18.3848
0	93	20.2485
0	94	12.0416
0	95	14.8661
0	96	15.2643
0	97	17.2047
0	98	21.2603
0	99	17.4929
0	100	24.0416
0	101	0.0000
1	0	15.2315
1	2	32.5576
1	3	14.5602
1	4	32.2025
1	5	32.2025
1	6	24.8395
1	7	21.0238
1	8	31.5753
1	9	17.8045
1	10	15.5563
1	11	26.4008
1	12	16.6433
1	13	26.4008
1	14	46.8722
1	15	45.3542
1	16	42.4500
1	17	40.7063
1	18	22.8473
1	19	28.2312
1	20	16.4924
1	21	29.2746
1	22	39.2046
1	23	46.1736
1	24	27.7849
1	25	37.6431
1	26	19.4165
1	27	10.8167
1	28	12.0000
1	29	24.0416
1	30	11.0454
1	31	10.4403
1	32	20.8806
1	33	12.3693
1	34	24.7386
1	35	27.2029
1	36	40.5216
1	37	35.8050
1	38	56.8507
1	39	41.5933
1	40	24.0208
1	41	42.0119
1	42	40.7185
1	43	49.3964
1	44	46.0977
1	45	36.6879
1	46	39.0128
1	47	33.7343
1	48	28.1603
1	49	39.8246
1	50	6.3246
1	51	12.0416
1	52	15.2315
1	53	18.4391
1	54	25.6125
1	55	34.0588
1	56	38.8973
1	57	38.0789
1	58	23.5372
1	59	32.0156
1	60	28.3019
1	61	38.2884
1	62	19.2354
1	63	24.4131
1	64	38.2099
1	65	35.0000
1	66	25.2982
1	67	51.1077
1	68	18.0278
1	69	4.4721
1	70	8.0623
1	71	24.8395
1	72	33.5410
1	73	32.1403
1	74	36.3456
1	75	38.8330
1	76	10.6301
1	77	13.4164
1	78	20.2237
1	79	16.0312
1	80	19.2094
1	81	14.8661
1	82	26.0768
1	83	29.5466
1	84	34.9857
1	85	36.7967
1	86	48.2701
1	87	33.6155
1	88	15.2971
1	89	20.5183
1	90	20.5913
1	91	39.6989
1	92	33.0151
1	93	33.9706
1	94	26.6271
1	95	29.6816
1	96	29.0689
1	97	32.2490
1	98	35.6090
1	99	31.1448
1	100	38.6005
1	101	15.2315
2	0	18.0000
2	1	32.5576
2	3	34.4093
2	4	20.2237
2	5	23.8537
2	6	16.4012
2	7	36.2491
2	8	36.0694
2	9	47.4236
2	10	43.2897
2	11	50.2892
2	12	23.4307
2	13	9.4340
2	14	21.1896
2	15	13.0000
2	16	25.1794
2	17	32.6956
2	18	27.4591
2	19	47.4236
2	20	49.0306
2	21	10.4403
2	22	12.2066
2	23	23.3238
2	24	34.9857
2	25	30.1496
2	26	16.4012
2	27	23.0000
2	28	20.8806
2	29	38.2884
2	30	43.2897
2	31	35.2278
2	32	52.0000
2	33	39.3573
2	34	48.4149
2	35	55.5698
2	36	54.2033
2	37	15.2971
2	38	32.3110
2	39	25.4951
2	40	9.4340
2	41	12.2066
2	42	12.0830
2	43	18.4391
2	44	24.1868
2	45	35.8050
2	46	45.2769
2	47	47.4342
2	48	41.3401
2	49	58.6686
2	50	32.3110
2	51	43.3244
2	52	27.2029
2	53	14.1421
2	54	25.0599
2	55	28.6356
2	56	18.6815
2	57	5.8310
2	58	9.0554
2	59	15.6525
2	60	24.7588
2	61	24.0416
2	62	42.4500
2	63	52.6118
2	64	63.2456
2	65	65.7951
2	66	57.7235
2	67	34.1760
2	68	30.4138
2	69	30.0666
2	70	39.0512
2	71	55.5428
2	72	12.0416
2	73	9.0000
2	74	11.7047
2	75	15.2315
2	76	28.6531
2	77	31.6228
2	78	43.6005
2	79	38.0132
2	80	29.0000
2	81	42.0595
2	82	36.0555
2	83	29.0000
2	84	27.7849
2	85	19.6469
2	86	31.0161
2	87	7.0711
2	88	36.1386
2	89	20.1246
2	90	50.1597
2	91	20.0998
2	92	13.9284
2	93	18.3848
2	94	13.4536
2	95	12.2066
2	96	16.4012
2	97	10.7703
2	98	16.4924
2	99	17.4929
2	100	17.0294
2	101	18.0000
3	0	22.3607
3	1	14.5602
3	2	34.4093
3	4	25.0000
3	5	42.7200
3	6	33.5410
3	7	35.3553
3	8	45.0444
3	9	15.0000
3	10	29.1548
3	11	40.3113
3	12	11.1803
3	13	32.0156
3	14	53.1507
3	15	47.1699
3	16	51.4782
3	17	52.2015
3	18	35.3553
3	19	42.7200
3	20	22.3607
3	21	26.9258
3	22	36.4005
3	23	40.0000
3	24	14.1421
3	25	26.9258
3	26	18.0278
3	27	20.6155
3	28	16.1245
3	29	9.4868
3	30	21.2132
3	31	25.0000
3	32	31.2410
3	33	7.2801
3	34	14.1421
3	35	21.5407
3	36	55.0818
3	37	43.0116
3	38	64.0312
3	39	33.3766
3	40	25.0000
3	41	40.1622
3	42	45.2769
3	43	52.8015
3	44	53.8238
3	45	49.4975
3	46	53.0848
3	47	48.2701
3	48	42.5793
3	49	54.1295
3	50	8.2462
3	51	14.3178
3	52	28.0713
3	53	22.8035
3	54	16.1245
3	55	23.4094
3	56	33.0606
3	57	40.2244
3	58	26.8701
3	59	39.9625
3	60	39.5601
3	61	47.8539
3	62	33.6155
3	63	36.8782
3	64	51.2250
3	65	32.7567
3	66	28.6356
3	67	41.7612
3	68	6.0828
3	69	18.1108
3	70	21.0950
3	71	23.0868
3	72	30.0832
3	73	30.0832
3	74	33.2415
3	75	34.5254
3	76	6.7082
3	77	2.8284
3	78	9.2195
3	79	3.6056
3	80	8.0623
3	81	9.0000
3	82	40.0500
3	83	41.7732
3	84	46.1736
3	85	45.2769
3	86	57.7062
3	87	38.1838
3	88	29.8329
3	89	30.6757
3	90	32.5576
3	91	47.7074
3	92	40.2244
3	93	42.5441
3	94	34.1321
3	95	36.6197
3	96	37.5899
3	97	38.4187
3	98	43.2666
3	99	39.8246
3	100	45.8039
3	101	22.3607
4	0	25.0000
4	1	32.2025
4	2	20.2237
4	3	25.0000
4	5	41.2311
4	6	31.6228
4	7	46.0977
4	8	50.5371
4	9	40.0000
4	10	47.1699
4	11	57.0088
4	12	15.8114
4	13	25.4951
4	14	41.2311
4	15	29.1548
4	16	45.0000
4	17	50.9902
4	18	40.3113
4	19	56.5685
4	20	46.0977
4	21	10.0000
4	22	14.1421
4	23	15.0000
4	24	18.0278
4	25	10.0000
4	26	14.1421
4	27	28.2843
4	28	22.0227
4	29	23.7697
4	30	42.7200
4	31	40.0000
4	32	52.9245
4	33	32.0624
4	34	36.4005
4	35	45.7056
4	36	66.4003
4	37	35.0000
4	38	52.2015
4	39	9.4340
4	40	15.8114
4	41	18.3848
4	42	32.0156
4	43	36.2353
4	44	44.4072
4	45	52.2015
4	46	59.9416
4	47	59.2030
4	48	52.8015
4	49	68.5930
4	50	28.1603
4	51	38.4708
4	52	36.2353
4	53	21.0950
4	54	9.2195
4	55	8.5440
4	56	8.2462
4	57	24.3516
4	58	19.9249
4	59	34.2345
4	60	40.4969
4	61	43.1856
4	62	49.0408
4	63	56.4358
4	64	69.6348
4	65	57.4282
4	66	53.3385
4	67	19.2094
4	68	19.0263
4	69	32.4500
4	70	40.2492
4	71	48.0416
4	72	8.9443
4	73	11.4018
4	74	11.4018
4	75	10.8167
4	76	22.8035
4	77	23.0868
4	78	32.5576
4	79	28.0713
4	80	17.0294
4	81	34.0000
4	82	48.2597
4	83	44.3847
4	84	45.3542
4	85	39.0512
4	86	51.0392
4	87	27.0740
4	88	43.1856
4	89	32.6497
4	90	52.7731
4	91	40.0125
4	92	33.0606
4	93	37.2156
4	94	29.8329
4	95	30.2655
4	96	33.7343
4	97	30.0167
4	98	36.0139
4	99	35.5106
4	100	37.0540
4	101	25.0000
5	0	20.6155
5	1	32.2025
5	2	23.8537
5	3	42.7200
5	4	41.2311
5	6	10.0000
5	7	20.6155
5	8	13.9284
5	9	50.0000
5	10	33.5410
5	11	35.3553
5	12	35.3553
5	13	15.8114
5	14	20.0000
5	15	29.1548
5	16	11.1803
5	17	10.0000
5	18	11.1803
5	19	30.0000
5	20	46.0977
5	21	31.6228
5	22	36.0555
5	23	47.1699
5	24	50.2494
5	25	50.9902
5	26	30.0000
5	27	22.3607
5	28	26.9258
5	29	50.4480
5	30	39.0512
5	31	27.2029
5	32	43.8292
5	33	43.9090
5	34	55.9017
5	35	59.4054
5	36	32.6956
5	37	11.1803
5	38	26.9258
5	39	48.4665
5	40	25.4951
5	41	35.4683
5	42	20.1246
5	43	28.1603
5	44	16.4924
5	45	12.0416
5	46	22.2036
5	47	26.9258
5	48	22.0907
5	49	39.0512
5	50	36.2353
5	51	44.0454
5	52	17.6918
5	53	22.0227
5	54	42.0119
5	55	48.5077
5	56	42.0476
5	57	24.7588
5	58	21.3776
5	59	8.4853
5	60	4.4721
5	61	6.7082
5	62	29.4109
5	63	40.8044
5	64	47.0000
5	65	66.4680
5	66	54.8179
5	67	57.6975
5	68	41.9762
5	69	27.8029
5	70	34.0588
5	71	56.6392
5	72	34.9285
5	73	31.7805
5	74	35.3553
5	75	38.9487
5	76	36.0555
5	77	40.1622
5	78	50.9902
5	79	45.6946
5	80	41.5933
5	81	46.6476
5	82	17.0000
5	83	7.0711
5	84	4.1231
5	85	8.0623
5	86	16.2788
5	87	17.6918
5	88	24.5967
5	89	12.0830
5	90	40.3113
5	91	11.0000
5	92	10.6301
5	93	6.7082
5	94	11.4018
5	95	11.6619
5	96	7.6158
5	97	13.4536
5	98	9.8489
5	99	6.4031
5	100	12.3693
5	101	20.6155
6	0	11.1803
6	1	24.8395
6	2	16.4012
6	3	33.5410
6	4	31.6228
6	5	10.0000
6	7	20.6155
6	8	19.8494
6	9	42.4264
6	10	30.4138
6	11	35.3553
6	12	25.4951
6	13	7.0711
6	14	22.3607
6	15	25.4951
6	16	18.0278
6	17	20.0000
6	18	11.1803
6	19	31.6228
6	20	40.3113
6	21	22.3607
6	22	28.2843
6	23	39.0512
6	24	40.3113
6	25	41.2311
6	26	20.0000
6	27	14.1421
6	28	17.4642
6	29	40.8044
6	30	33.5410
6	31	22.8035
6	32	40.2616
6	33	35.6090
6	34	47.1699
6	35	51.6624
6	36	37.8021
6	37	11.1803
6	38	32.0156
6	39	39.3573
6	40	15.8114
6	41	28.6007
6	42	18.0278
6	43	27.0740
6	44	21.2603
6	45	20.6155
6	46	29.2062
6	47	31.0644
6	48	25.0599
6	49	42.4853
6	50	27.8029
6	51	36.8782
6	52	13.1529
6	53	12.0416
6	54	32.0156
6	55	38.6394
6	56	33.2866
6	57	19.3132
6	58	11.7047
6	59	7.2111
6	60	8.9443
6	61	14.3178
6	62	28.0179
6	63	39.0512
6	64	48.0521
6	65	59.8164
6	66	49.2443
6	67	48.8774
6	68	32.2800
6	69	20.8087
6	70	28.6356
6	71	49.6790
6	72	26.0768
6	73	23.0217
6	74	27.0185
6	75	30.6105
6	76	26.8328
6	77	30.8707
6	78	42.1900
6	79	36.7151
6	80	31.7805
6	81	38.4187
6	82	19.7231
6	83	13.0384
6	84	14.0357
6	85	12.0416
6	86	24.1868
6	87	12.3693
6	88	22.0227
6	89	5.0990
6	90	37.4833
6	91	14.8661
6	92	8.5440
6	93	9.2195
6	94	3.1623
6	95	6.0000
6	96	4.2426
6	97	9.0000
6	98	10.8167
6	99	6.4031
6	100	13.8924
6	101	11.1803
7	0	21.2132
7	1	21.0238
7	2	36.2491
7	3	35.3553
7	4	46.0977
7	5	20.6155
7	6	20.6155
7	8	12.2066
7	9	36.4005
7	10	14.1421
7	11	15.0000
7	12	33.5410
7	13	26.9258
7	14	40.3113
7	15	46.0977
7	16	31.6228
7	17	25.0000
7	18	10.0000
7	19	11.1803
7	20	29.1548
7	21	39.0512
7	22	47.1699
7	23	57.0088
7	24	47.4342
7	25	54.0833
7	26	32.0156
7	27	18.0278
7	28	24.6982
7	29	44.7214
7	30	22.3607
7	31	11.1803
7	32	24.2074
7	33	33.0606
7	34	45.2769
7	35	45.5412
7	36	20.5913
7	37	30.0000
7	38	47.4342
7	39	55.1725
7	40	32.0156
7	41	48.3011
7	42	38.2099
7	43	47.0956
7	44	37.1080
7	45	18.4391
7	46	18.1108
7	47	13.4164
7	48	7.2801
7	49	22.8035
7	50	27.1662
7	51	30.0832
7	52	9.8995
7	53	25.4951
7	54	42.5441
7	55	50.7740
7	56	50.3289
7	57	39.8497
7	58	28.8444
7	59	26.0192
7	60	16.2788
7	61	27.2029
7	62	8.9443
7	63	20.2485
7	64	27.4591
7	65	49.9300
7	66	37.0135
7	67	65.0692
7	68	37.6431
7	69	17.2627
7	70	18.0278
7	71	41.1461
7	72	43.4166
7	73	40.8044
7	74	45.2217
7	75	48.6004
7	76	30.0832
7	77	33.7343
7	78	41.0488
7	79	37.0540
7	80	38.2753
7	81	35.2278
7	82	5.8310
7	83	14.3178
7	84	21.0238
7	85	28.2843
7	86	35.7771
7	87	32.9848
7	88	6.3246
7	89	16.1555
7	90	20.2485
7	91	31.4006
7	92	28.0713
7	93	26.0768
7	94	23.7697
7	95	26.4764
7	96	23.0868
7	97	29.4279
7	98	29.0172
7	99	24.0000
7	100	32.0624
7	101	21.2132
8	0	26.2488
8	1	31.5753
8	2	36.0694
8	3	45.0444
8	4	50.5371
8	5	13.9284
8	6	19.8494
8	7	12.2066
8	9	48.1041
8	10	26.2488
8	11	24.1661
8	12	40.7922
8	13	26.9072
8	14	33.3766
8	15	42.9418
8	16	23.0000
8	17	13.9284
8	18	10.4403
8	19	17.7200
8	20	41.3401
8	21	41.8808
8	22	48.1041
8	23	58.8982
8	24	55.5788
8	25	59.6154
8	26	37.3363
8	27	25.1794
8	28	31.5753
8	29	54.0093
8	30	34.4819
8	31	22.8473
8	32	36.0694
8	33	43.9318
8	34	56.2939
8	35	57.3847
8	36	18.7883
8	37	25.0799
8	38	38.3275
8	39	58.8303
8	40	34.9857
8	41	48.1664
8	42	34.0147
8	43	42.0595
8	44	29.0172
8	45	6.4031
8	46	9.4340
8	47	13.1529
8	48	9.4868
8	49	25.3180
8	50	37.2156
8	51	41.7852
8	52	17.0000
8	53	29.5466
8	54	49.0408
8	55	56.6480
8	56	53.0094
8	57	38.0132
8	58	31.0644
8	59	21.9545
8	60	11.4018
8	61	19.1050
8	62	20.5183
8	63	31.0644
8	64	34.3657
8	65	62.1289
8	66	49.2037
8	67	68.5055
8	68	46.1736
8	69	27.2947
8	70	29.9666
8	71	53.2353
8	72	45.8039
8	73	42.8019
8	74	46.8615
8	75	50.4480
8	76	39.0128
8	77	43.0000
8	78	51.7880
8	79	47.2652
8	80	46.3897
8	81	46.3249
8	82	6.4031
8	83	7.2111
8	84	12.0416
8	85	21.8403
8	86	25.7099
8	87	30.8058
8	88	18.3576
8	89	17.8885
8	90	31.8904
8	91	24.5153
8	92	24.1868
8	93	20.6155
8	94	22.6274
8	95	24.2074
8	96	20.0000
8	97	26.6271
8	98	23.7697
8	99	19.7231
8	100	26.2488
8	101	26.2488
9	0	32.0156
9	1	17.8045
9	2	47.4236
9	3	15.0000
9	4	40.0000
9	5	50.0000
9	6	42.4264
9	7	36.4005
9	8	48.1041
9	10	25.0000
9	11	35.3553
9	12	25.4951
9	13	43.0116
9	14	64.0312
9	15	60.4152
9	16	60.2080
9	17	58.3095
9	18	40.3113
9	19	40.0000
9	20	11.1803
9	21	41.2311
9	22	50.9902
9	23	55.0000
9	24	26.9258
9	25	41.2311
9	26	31.6228
9	27	28.2843
9	28	26.9258
9	29	20.1246
9	30	15.0000
9	31	25.2982
9	32	21.9317
9	33	8.2462
9	34	11.1803
9	35	9.4340
9	36	53.0000
9	37	53.1507
9	38	74.3303
9	39	48.2597
9	40	38.0789
9	41	54.5711
9	42	57.1402
9	43	65.3682
9	44	63.6553
9	45	53.7122
9	46	54.3415
9	47	47.1699
9	48	42.7551
9	49	49.6488
9	50	15.2643
9	51	6.3246
9	52	32.7567
9	53	34.1321
9	54	31.0644
9	55	37.8550
9	56	48.0416
9	57	53.2259
9	58	38.9487
9	59	49.5177
9	60	46.0435
9	61	56.0803
9	62	31.0644
9	63	29.4109
9	64	43.4626
9	65	18.3848
9	66	14.3178
9	67	56.2939
9	68	21.0238
9	69	22.2036
9	70	18.4391
9	71	8.2462
9	72	44.7214
9	73	44.3847
9	74	47.8539
9	75	49.3660
9	76	18.9737
9	77	17.1172
9	78	10.0000
9	79	12.1655
9	80	23.0217
9	81	6.0000
9	82	42.0595
9	83	47.0106
9	84	52.6972
9	85	54.4518
9	86	66.0681
9	87	49.9300
9	88	30.0832
9	89	38.2884
9	90	25.0000
9	91	57.2800
9	92	50.3289
9	93	51.6236
9	94	43.9318
9	95	46.8615
9	96	46.6690
9	97	49.2037
9	98	53.0754
9	99	48.7955
9	100	55.9732
9	101	32.0156
10	0	25.4951
10	1	15.5563
10	2	43.2897
10	3	29.1548
10	4	47.1699
10	5	33.5410
10	6	30.4138
10	7	14.1421
10	8	26.2488
10	9	25.0000
10	11	11.1803
10	12	32.0156
10	13	35.0000
10	14	52.2015
10	15	55.0000
10	16	44.7214
10	17	39.0512
10	18	22.3607
10	19	15.0000
10	20	15.8114
10	21	42.7200
10	22	52.2015
10	23	60.4152
10	24	43.0116
10	25	53.1507
10	26	33.5410
10	27	20.6155
10	28	25.4951
10	29	38.4708
10	30	10.0000
10	31	8.0623
10	32	10.2956
10	33	24.3516
10	34	35.3553
10	35	33.3766
10	36	28.0000
10	37	41.2311
10	38	60.4152
10	39	56.6039
10	40	36.4005
10	41	54.3415
10	42	48.3735
10	43	57.4282
10	44	49.7695
10	45	32.5576
10	46	30.4631
10	47	22.3607
10	48	18.7883
10	49	25.2982
10	50	21.4009
10	51	19.1050
10	52	17.2627
10	53	29.8329
10	54	41.1096
10	55	49.5782
10	56	53.2259
10	57	48.0416
10	58	34.5254
10	59	37.1080
10	60	29.0689
10	61	40.2492
10	62	6.3246
10	63	9.4868
10	64	22.6716
10	65	36.2353
10	66	23.0217
10	67	66.2873
10	68	33.4215
10	69	14.7648
10	70	8.0623
10	71	28.1603
10	72	47.1699
10	73	45.2217
10	74	49.6488
10	75	52.5547
10	76	26.1725
10	77	28.6007
10	78	32.0156
10	79	29.5466
10	80	34.7131
10	81	25.7099
10	82	19.8494
10	83	28.0179
10	84	34.6699
10	85	40.4969
10	86	49.3964
10	87	42.0476
10	88	8.9443
10	89	25.3180
10	90	7.0711
10	91	43.6578
10	92	38.8330
10	93	37.9473
10	94	33.2415
10	95	36.3456
10	96	33.9559
10	97	39.3192
10	98	40.5216
10	99	35.4401
10	100	43.6807
10	101	25.4951
11	0	33.5410
11	1	26.4008
11	2	50.2892
11	3	40.3113
11	4	57.0088
11	5	35.3553
11	6	35.3553
11	7	15.0000
11	8	24.1661
11	9	35.3553
11	10	11.1803
11	12	42.4264
11	13	41.2311
11	14	55.2268
11	15	60.8276
11	16	46.0977
11	17	38.0789
11	18	25.0000
11	19	7.0711
11	20	25.0000
11	21	51.4782
11	22	60.4152
11	23	69.4622
11	24	54.0833
11	25	63.6396
11	26	43.0116
11	27	29.1548
11	28	35.0000
11	29	49.6488
11	30	20.6155
11	31	17.0294
11	32	15.5242
11	33	35.4683
11	34	46.0977
11	35	43.0000
11	36	18.6815
11	37	45.0000
11	38	61.8466
11	39	66.4003
11	40	44.7214
11	41	62.0322
11	42	53.1507
11	43	62.0725
11	44	51.7880
11	45	30.4138
11	46	24.7588
11	47	15.0000
11	48	14.7648
11	49	14.3178
11	50	32.4500
11	51	29.8329
11	52	23.0868
11	53	38.0132
11	54	51.6236
11	55	60.1082
11	56	62.4340
11	57	54.3415
11	58	42.1545
11	59	41.0122
11	60	31.1448
11	61	41.7732
11	62	8.0623
11	63	8.0623
11	64	13.0000
11	65	43.6807
11	66	30.0832
11	67	76.2168
11	68	44.4072
11	69	24.7588
11	70	19.2354
11	71	37.1214
11	72	55.9464
11	73	53.6656
11	74	58.1378
11	75	61.2944
11	76	37.0135
11	77	39.6611
11	78	43.0116
11	79	40.7185
11	80	45.6070
11	81	36.6879
11	82	18.6815
11	83	28.6356
11	84	35.1710
11	85	43.1856
11	86	49.6488
11	87	47.6760
11	88	14.3178
11	89	30.5941
11	90	11.1803
11	91	46.2709
11	92	43.0465
11	93	41.0488
11	94	38.4708
11	95	41.3038
11	96	38.0526
11	97	44.2832
11	98	44.0114
11	99	39.0000
11	100	47.0425
11	101	33.5410
12	0	15.0000
12	1	16.6433
12	2	23.4307
12	3	11.1803
12	4	15.8114
12	5	35.3553
12	6	25.4951
12	7	33.5410
12	8	40.7922
12	9	25.4951
12	10	32.0156
12	11	42.4264
12	13	22.3607
12	14	43.0116
12	15	36.0555
12	16	42.7200
12	17	45.2769
12	18	30.4138
12	19	43.0116
12	20	30.4138
12	21	15.8114
12	22	25.4951
12	23	30.4138
12	24	15.0000
12	25	21.2132
12	26	7.0711
12	27	15.8114
12	28	9.2195
12	29	15.6525
12	30	26.9258
12	31	25.4951
12	32	37.1618
12	33	17.2627
12	34	25.0000
12	35	32.6956
12	36	54.1202
12	37	33.5410
12	38	54.0833
12	39	25.0799
12	40	14.1421
12	41	29.1204
12	42	34.7131
12	43	41.8688
12	44	44.2945
12	45	44.1022
12	46	49.7293
12	47	46.9574
12	48	40.7185
12	49	55.0000
12	50	12.3693
12	51	23.0217
12	52	24.3516
12	53	13.6015
12	54	9.2195
12	55	17.6918
12	56	23.1948
12	57	29.2062
12	58	16.6433
12	59	31.0161
12	60	33.0151
12	61	39.5601
12	62	34.7131
12	63	41.0488
12	64	54.6717
12	65	43.6807
12	66	38.0132
12	67	34.4819
12	68	7.2111
12	69	17.6918
12	70	24.6982
12	71	33.7343
12	72	19.2354
12	73	18.9737
12	74	22.3607
12	75	24.0208
12	76	7.0711
12	77	8.5440
12	78	20.2485
12	79	14.7648
12	80	6.3246
12	81	19.6469
12	82	37.0000
12	83	36.0555
12	84	39.2046
12	85	36.4005
12	86	49.0408
12	87	27.8029
12	88	29.4109
12	89	24.0000
12	90	37.2156
12	91	38.4838
12	92	30.8707
12	93	33.8378
12	94	25.2982
12	95	27.3130
12	96	29.1204
12	97	28.6531
12	98	34.0147
12	99	31.3209
12	100	36.2353
12	101	15.0000
13	0	11.1803
13	1	26.4008
13	2	9.4340
13	3	32.0156
13	4	25.4951
13	5	15.8114
13	6	7.0711
13	7	26.9258
13	8	26.9072
13	9	43.0116
13	10	35.0000
13	11	41.2311
13	12	22.3607
13	14	21.2132
13	15	20.0000
13	16	20.6155
13	17	25.4951
13	18	18.0278
13	19	38.0789
13	20	42.7200
13	21	15.8114
13	22	21.2132
13	23	32.0156
13	24	36.4005
13	25	35.3553
13	26	15.8114
13	27	15.8114
13	28	16.2788
13	29	38.0132
13	30	36.4005
13	31	27.0185
13	32	44.2832
13	33	35.4683
13	34	46.0977
13	35	51.8556
13	36	44.8219
13	37	11.1803
13	38	32.0156
13	39	32.6956
13	40	10.0000
13	41	21.6333
13	42	14.3178
13	43	23.0868
13	44	21.9545
13	45	27.2947
13	46	36.2353
13	47	38.0132
13	48	31.9061
13	49	49.2443
13	50	27.8029
13	51	38.0789
13	52	18.2483
13	53	9.2195
13	54	27.2947
13	55	33.0606
13	56	26.4197
13	57	13.1529
13	58	6.0828
13	59	9.0554
13	60	15.8114
13	61	18.0278
13	62	33.5410
13	63	44.1022
13	64	54.1202
13	65	61.0574
13	66	51.6236
13	67	42.0595
13	68	29.5296
13	69	23.0868
13	70	31.7805
13	71	50.7740
13	72	19.2354
13	73	16.1245
13	74	20.0000
13	75	23.6008
13	76	25.4951
13	77	29.2062
13	78	41.1096
13	79	35.4683
13	80	28.6356
13	81	38.2884
13	82	26.6271
13	83	20.0000
13	84	19.9249
13	85	14.3178
13	86	26.9258
13	87	7.2801
13	88	27.2947
13	89	10.7703
13	90	42.0119
13	91	16.1555
13	92	8.5440
13	93	12.0416
13	94	4.4721
13	95	5.0990
13	96	8.2462
13	97	6.4031
13	98	11.7047
13	99	10.0499
13	100	13.8924
13	101	11.1803
14	0	32.0156
14	1	46.8722
14	2	21.1896
14	3	53.1507
14	4	41.2311
14	5	20.0000
14	6	22.3607
14	7	40.3113
14	8	33.3766
14	9	64.0312
14	10	52.2015
14	11	55.2268
14	12	43.0116
14	13	21.2132
14	15	15.8114
14	16	11.1803
14	17	22.3607
14	18	30.4138
14	19	50.0000
14	20	62.6498
14	21	31.6228
14	22	30.0000
14	23	40.3113
14	24	55.9017
14	25	50.9902
14	26	36.0555
14	27	36.0555
14	28	37.4833
14	29	58.5235
14	30	55.9017
14	31	44.9444
14	32	62.2977
14	33	56.6392
14	34	67.2681
14	35	73.0000
14	36	51.6624
14	37	11.1803
14	38	11.1803
14	39	45.0444
14	40	29.1548
14	41	27.1662
14	42	9.2195
14	43	10.6301
14	44	5.6569
14	45	29.4109
14	46	40.1622
14	47	46.5296
14	48	42.0476
14	49	58.6941
14	50	48.9183
14	51	58.8218
14	52	35.1141
14	53	30.4138
14	54	46.0977
14	55	49.7293
14	56	38.0526
14	57	17.1172
14	58	26.4008
14	59	15.2315
14	60	24.0832
14	61	14.3178
14	62	48.8365
14	63	60.2080
14	64	67.0000
14	65	81.8413
14	66	71.5891
14	67	52.2398
14	68	50.2195
14	69	43.0465
14	70	50.9902
14	71	71.6101
14	72	32.5576
14	73	29.8329
14	74	31.1448
14	75	34.0147
14	76	46.6905
14	77	50.3289
14	78	62.2896
14	79	56.6392
14	80	49.0918
14	81	59.4643
14	82	37.0000
14	83	27.0185
14	84	21.3776
14	85	12.0416
14	86	13.6015
14	87	15.2643
14	88	43.4166
14	89	27.3130
14	90	59.2030
14	91	9.0000
14	92	13.8924
14	93	14.3178
14	94	20.2485
14	95	17.2047
14	96	18.3848
14	97	14.8661
14	98	11.7047
14	99	16.7631
14	100	8.5440
14	101	32.0156
15	0	30.4138
15	1	45.3542
15	2	13.0000
15	3	47.1699
15	4	29.1548
15	5	29.1548
15	6	25.4951
15	7	46.0977
15	8	42.9418
15	9	60.4152
15	10	55.0000
15	11	60.8276
15	12	36.0555
15	13	20.0000
15	14	15.8114
15	16	25.0000
15	17	35.3553
15	18	36.4005
15	19	57.0088
15	20	61.8466
15	21	21.2132
15	22	15.8114
15	23	25.0000
15	24	46.0977
15	25	38.0789
15	26	29.1548
15	27	35.3553
15	28	33.8378
15	29	50.2494
15	30	55.9017
15	31	47.0106
15	32	64.1950
15	33	52.3259
15	34	61.0328
15	35	68.4763
15	36	61.7171
15	37	18.0278
15	38	25.0000
15	39	30.8058
15	40	22.3607
15	41	12.1655
15	42	9.2195
15	43	7.2801
15	44	21.0238
15	45	40.8044
15	46	51.3128
15	47	55.5428
15	48	49.9800
15	49	67.4166
15	50	45.3100
15	51	56.3028
15	52	38.1182
15	53	26.9258
15	54	36.1248
15	55	37.5899
15	56	24.0416
15	57	7.2801
15	58	21.8403
15	59	21.0238
15	60	31.7805
15	61	26.1725
15	62	53.3385
15	63	64.0703
15	64	73.5459
15	65	78.7909
15	66	70.6045
15	67	37.0000
15	68	42.8019
15	69	42.5793
15	70	51.4782
15	71	68.5420
15	72	20.2485
15	73	18.4391
15	74	17.8885
15	75	19.9249
15	76	41.5933
15	77	44.4185
15	78	56.3028
15	79	50.7740
15	80	41.2311
15	81	55.0091
15	82	44.5982
15	83	35.7771
15	84	32.2025
15	85	22.0227
15	86	29.0689
15	87	13.1529
15	88	47.1699
15	89	30.2655
15	90	62.0081
15	91	20.5183
15	92	18.7883
15	93	22.4722
15	94	22.3607
15	95	19.6469
15	96	23.4094
15	97	16.7631
15	98	19.4165
15	99	23.2594
15	100	17.6918
15	101	30.4138
16	0	29.1548
16	1	42.4500
16	2	25.1794
16	3	51.4782
16	4	45.0000
16	5	11.1803
16	6	18.0278
16	7	31.6228
16	8	23.0000
16	9	60.2080
16	10	44.7214
16	11	46.0977
16	12	42.7200
16	13	20.6155
16	14	11.1803
16	15	25.0000
16	17	11.1803
16	18	22.3607
16	19	40.3113
16	20	57.0088
16	21	35.0000
16	22	36.4005
16	23	47.4342
16	24	57.0088
16	25	55.0000
16	26	36.4005
16	27	32.0156
16	28	35.3553
16	29	58.3095
16	30	50.0000
16	31	38.2753
16	32	55.0091
16	33	53.6004
16	34	65.1920
16	35	69.5270
16	36	40.7922
16	37	10.0000
16	38	15.8114
16	39	50.6360
16	40	30.4138
16	41	34.5398
16	42	16.1245
16	43	21.4009
16	44	6.0828
16	45	18.4391
16	46	29.1204
16	47	36.0555
16	48	32.1403
16	49	48.1664
16	50	45.8039
16	51	54.4518
16	52	28.6007
16	53	29.1548
16	54	47.8539
16	55	53.0848
16	56	43.7379
16	57	23.4094
16	58	26.6833
16	59	11.7047
16	60	15.6525
16	61	4.4721
16	62	40.4969
16	63	51.8652
16	64	57.2189
16	65	77.1557
16	66	65.8027
16	67	58.9406
16	68	49.7695
16	69	38.1838
16	70	45.0000
16	71	67.1789
16	72	37.2156
16	73	34.1321
16	74	36.6742
16	75	40.0250
16	76	44.7772
16	77	48.7647
16	78	60.2080
16	79	54.7083
16	80	49.0408
16	81	56.4004
16	82	27.4591
16	83	17.4642
16	84	11.0454
16	85	6.3246
16	86	6.3246
16	87	18.1108
16	88	35.7771
16	89	21.9317
16	90	51.4782
16	91	5.0990
16	92	12.1655
16	93	8.9443
16	94	17.4642
16	95	15.5242
16	96	13.8924
16	97	15.0333
16	98	9.0554
16	99	11.6619
16	100	8.2462
16	101	29.1548
17	0	30.4138
17	1	40.7063
17	2	32.6956
17	3	52.2015
17	4	50.9902
17	5	10.0000
17	6	20.0000
17	7	25.0000
17	8	13.9284
17	9	58.3095
17	10	39.0512
17	11	38.0789
17	12	45.2769
17	13	25.4951
17	14	22.3607
17	15	35.3553
17	16	11.1803
17	18	18.0278
17	19	31.6228
17	20	53.1507
17	21	41.2311
17	22	44.7214
17	23	55.9017
17	24	60.2080
17	25	60.8276
17	26	40.0000
17	27	31.6228
17	28	36.6742
17	29	60.2080
17	30	46.0977
17	31	34.0588
17	32	49.2037
17	33	52.8015
17	34	65.0000
17	35	67.7422
17	36	30.1496
17	37	18.0278
17	38	25.0000
17	39	57.8705
17	40	35.3553
17	41	43.5660
17	42	26.1725
17	43	32.4500
17	44	17.0880
17	45	8.0623
17	46	18.2483
17	47	26.1725
17	48	23.4094
17	49	38.0132
17	50	45.3100
17	51	52.1536
17	52	25.5539
17	53	32.0156
17	54	52.0096
17	55	58.4209
17	56	51.2640
17	57	32.4500
17	58	31.2570
17	59	17.0880
17	60	12.6491
17	61	9.2195
17	62	33.8378
17	63	44.7772
17	64	48.0521
17	65	73.8783
17	66	61.5224
17	67	66.8506
17	68	51.7880
17	69	36.2353
17	70	41.2311
17	71	64.4050
17	72	44.2719
17	73	41.1096
17	74	44.3847
17	75	47.9270
17	76	45.6070
17	77	49.7293
17	78	60.1664
17	79	55.0273
17	80	51.4782
17	81	55.4617
17	82	19.7231
17	83	11.4018
17	84	6.0828
17	85	13.6015
17	86	12.0416
17	87	25.9422
17	88	30.4138
17	89	21.5870
17	90	45.2217
17	91	14.8661
17	92	18.7883
17	93	14.3178
17	94	21.2132
17	95	20.8806
17	96	17.2627
17	97	21.9317
17	98	16.6433
17	99	15.5242
17	100	17.6918
17	101	30.4138
18	0	15.8114
18	1	22.8473
18	2	27.4591
18	3	35.3553
18	4	40.3113
18	5	11.1803
18	6	11.1803
18	7	10.0000
18	8	10.4403
18	9	40.3113
18	10	22.3607
18	11	25.0000
18	12	30.4138
18	13	18.0278
18	14	30.4138
18	15	36.4005
18	16	22.3607
18	17	18.0278
18	19	20.6155
18	20	35.3553
18	21	32.0156
18	22	39.0512
18	23	49.4975
18	24	45.2769
18	25	49.2443
18	26	26.9258
18	27	15.0000
18	28	21.2132
18	29	44.0454
18	30	28.2843
18	31	16.2788
18	32	32.6497
18	33	35.1141
18	34	47.4342
18	35	49.7393
18	36	26.9072
18	37	20.0000
18	38	38.0789
18	39	48.8262
18	40	25.0000
18	41	39.6611
18	42	28.2843
18	43	37.1214
18	44	27.5136
18	45	14.1421
18	46	19.6977
18	47	20.0000
18	48	13.8924
18	49	31.3050
18	50	27.8927
18	51	34.1321
18	52	7.6158
18	53	19.2354
18	54	38.6005
18	55	46.2385
18	56	43.2782
18	57	30.4631
18	58	21.2603
18	59	16.0312
18	60	6.7082
18	61	17.8885
18	62	18.4391
18	63	29.8329
18	64	37.3363
18	65	55.9732
18	66	43.9318
18	67	58.6003
18	68	36.0139
18	69	18.3848
18	70	23.3452
18	71	46.4004
18	72	36.1248
18	73	33.2415
18	74	37.4833
18	75	41.0122
18	76	29.0689
18	77	33.1361
18	78	42.7200
18	79	37.8550
18	80	36.1248
18	81	37.6962
18	82	8.6023
18	83	6.7082
18	84	12.7279
18	85	18.4391
18	86	27.2029
18	87	23.4094
18	88	13.4164
18	89	7.8102
18	90	29.1548
18	91	21.5870
18	92	18.1108
18	93	16.1245
18	94	14.3178
18	95	16.7631
18	96	13.1529
18	97	19.6469
18	98	19.0263
18	99	14.0000
18	100	22.0907
18	101	15.8114
19	0	32.0156
19	1	28.2312
19	2	47.4236
19	3	42.7200
19	4	56.5685
19	5	30.0000
19	6	31.6228
19	7	11.1803
19	8	17.7200
19	9	40.0000
19	10	15.0000
19	11	7.0711
19	12	43.0116
19	13	38.0789
19	14	50.0000
19	15	57.0088
19	16	40.3113
19	17	31.6228
19	18	20.6155
19	20	30.4138
19	21	50.0000
19	22	58.3095
19	23	68.0074
19	24	55.9017
19	25	64.0312
19	26	42.4264
19	27	28.2843
19	28	34.7131
19	29	52.2015
19	30	25.0000
19	31	17.8885
19	32	21.9317
19	33	38.8330
19	34	50.2494
19	35	48.2597
19	36	13.0000
19	37	40.3113
19	38	55.9017
19	39	65.7951
19	40	43.0116
19	41	59.4811
19	42	48.8365
19	43	57.5587
19	44	46.1736
19	45	23.7697
19	46	17.6918
19	47	8.0623
19	48	8.2462
19	49	12.0416
19	50	34.5398
19	51	34.0588
19	52	20.8087
19	53	36.4005
19	54	52.2015
19	55	60.6053
19	56	61.2209
19	57	50.9215
19	58	39.9625
19	59	36.4966
19	60	26.0768
19	61	36.1248
19	62	9.2195
19	63	15.0000
19	64	17.0000
19	65	49.9800
19	66	36.4005
19	67	75.6902
19	68	46.0652
19	69	25.5539
19	70	22.3607
19	71	42.7551
19	72	54.4059
19	73	51.8652
19	74	56.3028
19	75	59.6406
19	76	38.4708
19	77	41.6293
19	78	46.6905
19	79	43.6807
19	80	47.0106
19	81	40.4475
19	82	13.0000
19	83	23.0217
19	84	29.2746
19	85	38.0132
19	86	43.4166
19	87	43.9659
19	88	13.6015
19	89	27.3130
19	90	17.4642
19	91	41.0000
19	92	38.6394
19	93	36.1248
19	94	34.7851
19	95	37.3631
19	96	33.7343
19	97	40.2616
19	98	39.2046
19	99	34.3657
19	100	42.1070
19	101	32.0156
20	0	31.6228
20	1	16.4924
20	2	49.0306
20	3	22.3607
20	4	46.0977
20	5	46.0977
20	6	40.3113
20	7	29.1548
20	8	41.3401
20	9	11.1803
20	10	15.8114
20	11	25.0000
20	12	30.4138
20	13	42.7200
20	14	62.6498
20	15	61.8466
20	16	57.0088
20	17	53.1507
20	18	35.3553
20	19	30.4138
20	21	45.0000
20	22	55.0000
20	23	60.8276
20	24	36.0555
20	25	49.2443
20	26	35.0000
20	27	26.9258
20	28	28.2843
20	29	29.8329
20	30	7.0711
20	31	19.1050
20	32	10.7703
20	33	15.2643
20	34	22.3607
20	35	18.0000
20	36	43.2897
20	37	51.4782
20	38	72.1110
20	39	55.0818
20	40	40.3113
20	41	58.0775
20	42	57.0088
20	43	65.7875
20	44	61.2944
20	45	47.4342
20	46	46.2385
20	47	38.0789
20	48	34.5398
20	49	39.1152
20	50	18.1108
20	51	8.0623
20	52	28.4253
20	53	34.9285
20	54	37.9473
20	55	45.6946
20	56	53.6004
20	57	54.5711
20	58	40.0250
20	59	47.5079
20	60	41.7732
20	61	52.6308
20	62	22.1359
20	63	18.4391
20	64	32.3110
20	65	20.8087
20	66	8.9443
20	67	63.9062
20	68	28.2312
20	69	19.6977
20	70	12.0416
20	71	12.3693
20	72	49.0408
20	73	48.0104
20	74	52.0096
20	75	54.1479
20	76	23.3452
20	77	23.4094
20	78	20.6155
20	79	20.8087
20	80	30.0832
20	81	14.8661
20	82	34.9857
20	83	41.7732
20	84	48.0833
20	85	51.8652
20	86	62.3699
20	87	49.9800
20	88	23.0217
20	89	35.5106
20	90	14.1421
20	91	54.9181
20	92	48.7647
20	93	49.0918
20	94	42.4853
20	95	45.6180
20	96	44.4185
20	97	48.3322
20	98	51.1077
20	99	46.3249
20	100	54.2033
20	101	31.6228
21	0	18.0278
21	1	29.2746
21	2	10.4403
21	3	26.9258
21	4	10.0000
21	5	31.6228
21	6	22.3607
21	7	39.0512
21	8	41.8808
21	9	41.2311
21	10	42.7200
21	11	51.4782
21	12	15.8114
21	13	15.8114
21	14	31.6228
21	15	21.2132
21	16	35.0000
21	17	41.2311
21	18	32.0156
21	19	50.0000
21	20	45.0000
21	22	10.0000
21	23	18.0278
21	24	25.0000
21	25	20.0000
21	26	10.0000
21	27	22.3607
21	28	17.4642
21	29	29.0689
21	30	40.3113
21	31	34.9285
21	32	50.0100
21	33	32.9848
21	34	40.3113
21	35	48.4665
21	36	58.7282
21	37	25.0000
21	38	42.7200
21	39	17.0000
21	40	7.0711
21	41	13.3417
21	42	22.4722
21	43	27.8029
21	44	34.5254
21	45	42.9535
21	46	51.3128
21	47	51.6236
21	48	45.2548
21	49	61.8466
21	50	27.0740
21	51	38.2099
21	52	29.2062
21	53	13.6015
21	54	15.0000
21	55	18.2483
21	56	11.3137
21	57	15.2643
21	58	10.8167
21	59	24.3311
21	60	31.3050
21	61	33.2415
21	62	43.4166
21	63	52.2015
21	64	64.4127
21	65	59.4811
21	66	53.1507
21	67	26.6271
21	68	21.9545
21	69	28.1603
21	70	36.8782
21	71	49.4773
21	72	4.4721
21	73	3.1623
21	74	7.0711
21	75	9.8489
21	76	22.3607
21	77	24.3516
21	78	35.7771
21	79	30.4631
21	80	20.2485
21	81	35.4401
21	82	40.3609
21	83	35.3553
21	84	35.7351
21	85	29.0689
21	86	41.0488
21	87	17.1172
21	88	37.2156
21	89	24.2074
21	90	49.0408
21	91	30.0167
21	92	23.0868
21	93	27.2947
21	94	20.2485
21	95	20.3961
21	96	24.0416
21	97	20.0250
21	98	26.0192
21	99	25.7099
21	100	27.0740
21	101	18.0278
22	0	26.9258
22	1	39.2046
22	2	12.2066
22	3	36.4005
22	4	14.1421
22	5	36.0555
22	6	28.2843
22	7	47.1699
22	8	48.1041
22	9	50.9902
22	10	52.2015
22	11	60.4152
22	12	25.4951
22	13	21.2132
22	14	30.0000
22	15	15.8114
22	16	36.4005
22	17	44.7214
22	18	39.0512
22	19	58.3095
22	20	55.0000
22	21	10.0000
22	23	11.1803
22	24	32.0156
22	25	22.3607
22	26	20.0000
22	27	31.6228
22	28	27.2947
22	29	37.2156
22	30	50.2494
22	31	44.2719
22	32	59.8415
22	33	42.7551
22	34	49.2443
22	35	57.8705
22	36	65.9469
22	37	26.9258
22	38	40.3113
22	39	15.1327
22	40	15.8114
22	41	4.2426
22	42	21.0950
22	43	23.0868
22	44	34.2345
22	45	48.0104
22	46	57.3847
22	47	59.0339
22	48	52.8015
22	49	69.8928
22	50	37.0540
22	51	48.1664
22	52	37.5899
22	53	22.4722
22	54	22.4722
22	55	22.2036
22	56	8.2462
22	57	13.1529
22	58	18.3576
22	59	27.7849
22	60	36.8782
22	61	35.8469
22	62	52.3927
22	63	61.6847
22	64	73.4098
22	65	69.1231
22	66	63.1269
22	67	22.5610
22	68	31.0161
22	69	37.8550
22	70	46.6905
22	71	59.2284
22	72	6.3246
22	73	7.0711
22	74	3.1623
22	75	4.1231
22	76	32.2490
22	77	33.9559
22	78	44.9444
22	79	39.8497
22	80	29.1548
22	81	45.1221
22	82	47.6340
22	83	41.1096
22	84	39.9625
22	85	31.3847
22	86	41.7732
22	87	18.7883
22	88	46.0977
22	89	31.4006
22	90	58.6941
22	91	31.3209
22	92	25.9422
22	93	30.4138
22	94	25.4951
22	95	24.4131
22	96	28.6007
22	97	22.8254
22	98	28.2312
22	99	29.6816
22	100	28.1603
22	101	26.9258
23	0	36.0555
23	1	46.1736
23	2	23.3238
23	3	40.0000
23	4	15.0000
23	5	47.1699
23	6	39.0512
23	7	57.0088
23	8	58.8982
23	9	55.0000
23	10	60.4152
23	11	69.4622
23	12	30.4138
23	13	32.0156
23	14	40.3113
23	15	25.0000
23	16	47.4342
23	17	55.9017
23	18	49.4975
23	19	68.0074
23	20	60.8276
23	21	18.0278
23	22	11.1803
23	24	31.6228
23	25	18.0278
23	26	26.9258
23	27	40.3113
23	28	34.9285
23	29	38.0789
23	30	57.0088
23	31	52.7731
23	32	67.0522
23	33	47.0425
23	34	50.9902
23	35	60.5310
23	36	76.3806
23	37	38.0789
23	38	50.0000
23	39	8.6023
23	40	25.0000
23	41	13.1529
23	42	31.7805
23	43	32.0624
23	44	44.9110
23	45	59.0762
23	46	68.2495
23	47	69.3542
23	48	63.0317
23	49	79.8123
23	50	42.7551
23	51	53.3385
23	52	47.2017
23	53	31.6228
23	54	24.0832
23	55	19.6977
23	56	7.2801
23	57	24.0416
23	58	28.3196
23	59	38.9487
23	60	47.8017
23	61	47.0106
23	62	61.4003
23	63	69.8570
23	64	82.3650
23	65	72.3395
23	66	68.2642
23	67	12.0000
23	68	34.0147
23	69	45.6946
23	70	54.0833
23	71	63.0317
23	72	13.6015
23	73	16.2788
23	74	12.0416
23	75	8.4853
23	76	37.4833
23	77	38.0526
23	78	47.3814
23	79	43.0465
23	80	32.0156
23	81	49.0000
23	82	58.0000
23	83	52.0096
23	84	51.1077
23	85	42.5441
23	86	52.6308
23	87	29.9666
23	88	55.2268
23	89	41.7253
23	90	66.4831
23	91	42.3792
23	92	37.1214
23	93	41.5933
23	94	36.4005
23	95	35.5106
23	96	39.6611
23	97	34.0000
23	98	39.3954
23	99	40.8167
23	100	39.2173
23	101	36.0555
24	0	30.0000
24	1	27.7849
24	2	34.9857
24	3	14.1421
24	4	18.0278
24	5	50.2494
24	6	40.3113
24	7	47.4342
24	8	55.5788
24	9	26.9258
24	10	43.0116
24	11	54.0833
24	12	15.0000
24	13	36.4005
24	14	55.9017
24	15	46.0977
24	16	57.0088
24	17	60.2080
24	18	45.2769
24	19	55.9017
24	20	36.0555
24	21	25.0000
24	22	32.0156
24	23	31.6228
24	25	15.0000
24	26	20.6155
24	27	30.4138
24	28	24.0832
24	29	7.0711
24	30	35.3553
24	31	38.0132
24	32	45.3431
24	33	20.8087
24	34	20.0000
24	35	30.0666
24	36	67.7791
24	37	47.4342
24	38	67.0820
24	39	23.5372
24	40	26.9258
24	41	36.2353
24	42	47.0106
24	43	52.8015
24	44	57.9396
24	45	59.0762
24	46	64.3273
24	47	60.7454
24	48	54.7083
24	49	67.6018
24	50	21.6333
24	51	28.0179
24	52	38.8330
24	53	28.2843
24	54	10.0000
24	55	12.1655
24	56	25.9422
24	57	40.2244
24	58	30.3645
24	59	45.3542
24	60	48.0104
24	61	54.1295
24	62	47.0106
24	63	50.9902
24	64	65.2993
24	65	42.1070
24	66	41.2311
24	67	30.0666
24	68	9.8489
24	69	30.4631
24	70	35.0000
24	71	33.9559
24	72	26.1725
24	73	27.6586
24	74	29.0689
24	75	28.8444
24	76	17.4642
24	77	14.4222
24	78	17.4642
24	79	15.2643
24	80	9.2195
24	81	21.4709
24	82	51.4198
24	83	51.0392
24	84	54.1479
24	85	50.6952
24	86	63.3246
24	87	40.7185
24	88	42.5441
24	89	39.0000
24	90	46.6905
24	91	52.4976
24	92	44.9222
24	93	48.2701
24	94	39.8121
24	95	41.4849
24	96	43.7379
24	97	42.3792
24	98	48.0833
24	99	45.8912
24	100	49.9800
24	101	30.0000
25	0	33.5410
25	1	37.6431
25	2	30.1496
25	3	26.9258
25	4	10.0000
25	5	50.9902
25	6	41.2311
25	7	54.0833
25	8	59.6154
25	9	41.2311
25	10	53.1507
25	11	63.6396
25	12	21.2132
25	13	35.3553
25	14	50.9902
25	15	38.0789
25	16	55.0000
25	17	60.8276
25	18	49.2443
25	19	64.0312
25	20	49.2443
25	21	20.0000
25	22	22.3607
25	23	18.0278
25	24	15.0000
25	26	22.3607
25	27	36.0555
25	28	29.4109
25	29	22.0227
25	30	47.1699
25	31	46.6905
25	32	57.4543
25	33	34.1760
25	34	35.0000
25	35	45.0444
25	36	74.6257
25	37	45.0000
25	38	61.8466
25	39	9.4340
25	40	25.4951
25	41	26.4197
25	42	41.7732
25	43	45.3100
25	44	54.3323
25	45	61.6847
25	46	68.9420
25	47	67.4166
25	48	61.0574
25	49	76.0592
25	50	32.4500
25	51	41.2311
25	52	44.4185
25	53	30.0832
25	54	12.0416
25	55	3.6056
25	56	14.4222
25	57	33.9559
25	58	29.6142
25	59	44.1814
25	60	50.0000
25	61	53.1507
25	62	55.9017
25	63	62.0081
25	64	75.8222
25	65	57.0789
25	66	55.3624
25	67	15.1327
25	68	21.0238
25	69	38.8973
25	70	45.6070
25	71	48.6621
25	72	18.4391
25	73	21.2132
25	74	20.2485
25	75	18.3576
25	76	27.2029
25	77	25.9422
25	78	32.2490
25	79	29.1204
25	80	19.2354
25	81	35.4401
25	82	56.8243
25	83	53.7587
25	84	55.1090
25	85	49.0408
25	86	61.0328
25	87	37.0540
25	88	50.4480
25	89	41.7852
25	90	58.0086
25	91	50.0100
25	92	43.0465
25	93	47.1699
25	94	39.6232
25	95	40.1995
25	96	43.5660
25	97	40.0125
25	98	46.0109
25	99	45.3982
25	100	47.0425
25	101	33.5410
26	0	11.1803
26	1	19.4165
26	2	16.4012
26	3	18.0278
26	4	14.1421
26	5	30.0000
26	6	20.0000
26	7	32.0156
26	8	37.3363
26	9	31.6228
26	10	33.5410
26	11	43.0116
26	12	7.0711
26	13	15.8114
26	14	36.0555
26	15	29.1548
26	16	36.4005
26	17	40.0000
26	18	26.9258
26	19	42.4264
26	20	35.0000
26	21	10.0000
26	22	20.0000
26	23	26.9258
26	24	20.6155
26	25	22.3607
26	27	14.1421
26	28	8.0623
26	29	22.4722
26	30	30.4138
26	31	26.0768
26	32	40.2616
26	33	23.4094
26	34	32.0156
26	35	39.3573
26	36	52.4309
26	37	26.9258
26	38	47.1699
26	39	23.4307
26	40	7.0711
26	41	23.1948
26	42	27.6586
26	43	34.8281
26	44	37.5766
26	45	39.8121
26	46	46.6154
26	47	45.2217
26	48	38.8330
26	49	54.4518
26	50	17.1172
26	51	28.2843
26	52	22.2036
26	53	8.0623
26	54	12.0416
26	55	19.3132
26	56	19.6977
26	57	22.2036
26	58	9.8489
26	59	24.7386
26	60	28.2843
26	61	33.5410
26	62	35.0000
26	63	42.9535
26	64	55.7584
26	65	49.9800
26	66	43.1856
26	67	33.3017
26	68	14.2127
26	69	18.7883
26	70	27.2029
26	71	39.8497
26	72	14.1421
26	73	13.0384
26	74	17.0294
26	75	19.4165
26	76	12.6491
26	77	15.2643
26	78	27.2029
26	79	21.6333
26	80	13.0384
26	81	26.0000
26	82	34.4819
26	83	31.7805
26	84	34.0147
26	85	30.0832
26	86	42.7200
26	87	20.8087
26	88	29.0689
26	89	19.6469
26	90	39.5601
26	91	31.9531
26	92	24.3516
26	93	27.6586
26	94	19.2354
26	95	20.8806
26	96	23.1948
26	97	21.9317
26	98	27.5136
26	99	25.3180
26	100	29.5466
26	101	11.1803
27	0	5.0000
27	1	10.8167
27	2	23.0000
27	3	20.6155
27	4	28.2843
27	5	22.3607
27	6	14.1421
27	7	18.0278
27	8	25.1794
27	9	28.2843
27	10	20.6155
27	11	29.1548
27	12	15.8114
27	13	15.8114
27	14	36.0555
27	15	35.3553
27	16	32.0156
27	17	31.6228
27	18	15.0000
27	19	28.2843
27	20	26.9258
27	21	22.3607
27	22	31.6228
27	23	40.3113
27	24	30.4138
27	25	36.0555
27	26	14.1421
27	28	6.7082
27	29	29.0689
