VEHICLE INFORMATION
Type	Number	Capacity	Endurance	 Speed	 Unit cost
Truck	25	200.0	8.00	35.0	1.00
Drone	2	30.0	1.00	70.0	0.20

CUSTOMER INFORMATION
Id 	X	Y	Demand_D	Demand_P
0	40.00	50.00	0.00	0.00
1	25.00	85.00	20.00	0.00
2	22.00	75.00	30.00	0.00
3	22.00	85.00	10.00	0.00
4	20.00	80.00	40.00	0.00
5	20.00	85.00	20.00	0.00
6	18.00	75.00	20.00	0.00
7	15.00	75.00	20.00	0.00
8	15.00	80.00	10.00	0.00
9	10.00	35.00	20.00	0.00
10	10.00	40.00	30.00	0.00
11	8.00	40.00	40.00	0.00
12	8.00	45.00	20.00	0.00
13	5.00	35.00	10.00	0.00
14	5.00	45.00	10.00	0.00
15	2.00	40.00	20.00	0.00
16	0.00	40.00	20.00	0.00
17	0.00	45.00	20.00	0.00
18	44.00	5.00	20.00	0.00
19	42.00	10.00	40.00	0.00
20	42.00	15.00	10.00	0.00
21	40.00	5.00	10.00	0.00
22	40.00	15.00	40.00	0.00
23	38.00	5.00	30.00	0.00
24	38.00	15.00	10.00	0.00
25	35.00	5.00	20.00	0.00
26	95.00	30.00	30.00	0.00
27	95.00	35.00	20.00	0.00
28	92.00	30.00	10.00	0.00
29	90.00	35.00	10.00	0.00
30	88.00	30.00	10.00	0.00
31	88.00	35.00	20.00	0.00
32	87.00	30.00	10.00	0.00
33	85.00	25.00	10.00	0.00
34	85.00	35.00	30.00	0.00
35	67.00	85.00	20.00	0.00
36	65.00	85.00	40.00	0.00
37	65.00	82.00	10.00	0.00
38	62.00	80.00	30.00	0.00
39	60.00	80.00	10.00	0.00
40	60.00	85.00	30.00	0.00
41	58.00	75.00	20.00	0.00
42	55.00	80.00	10.00	0.00
43	55.00	85.00	20.00	0.00
44	55.00	82.00	10.00	0.00
45	20.00	82.00	10.00	0.00
46	18.00	80.00	10.00	0.00
47	2.00	45.00	10.00	0.00
48	42.00	5.00	10.00	0.00
49	42.00	12.00	10.00	0.00
50	72.00	35.00	30.00	0.00
51	55.00	20.00	19.00	0.00
52	25.00	30.00	3.00	0.00
53	20.00	50.00	5.00	0.00
54	55.00	60.00	16.00	0.00
55	30.00	60.00	16.00	0.00
56	50.00	35.00	19.00	0.00
57	30.00	25.00	23.00	0.00
58	15.00	10.00	20.00	0.00
59	10.00	20.00	19.00	0.00
60	15.00	60.00	17.00	0.00
61	45.00	65.00	9.00	0.00
62	65.00	35.00	3.00	0.00
63	65.00	20.00	6.00	0.00
64	45.00	30.00	17.00	0.00
65	35.00	40.00	16.00	0.00
66	41.00	37.00	16.00	0.00
67	64.00	42.00	9.00	0.00
68	40.00	60.00	21.00	0.00
69	31.00	52.00	27.00	0.00
70	35.00	69.00	23.00	0.00
71	65.00	55.00	14.00	0.00
72	63.00	65.00	8.00	0.00
73	2.00	60.00	5.00	0.00
74	20.00	20.00	8.00	0.00
75	5.00	5.00	16.00	0.00
76	60.00	12.00	31.00	0.00
77	23.00	3.00	7.00	0.00
78	8.00	56.00	27.00	0.00
79	6.00	68.00	30.00	0.00
80	47.00	47.00	13.00	0.00
81	49.00	58.00	10.00	0.00
82	27.00	43.00	9.00	0.00
83	37.00	31.00	14.00	0.00
84	57.00	29.00	18.00	0.00
85	63.00	23.00	2.00	0.00
86	21.00	24.00	28.00	0.00
87	12.00	24.00	13.00	0.00
88	24.00	58.00	19.00	0.00
89	67.00	5.00	25.00	0.00
90	37.00	47.00	6.00	0.00
91	49.00	42.00	13.00	0.00
92	53.00	43.00	14.00	0.00
93	61.00	52.00	3.00	0.00
94	57.00	48.00	23.00	0.00
95	56.00	37.00	6.00	0.00
96	55.00	54.00	26.00	0.00
97	4.00	18.00	35.00	0.00
98	26.00	52.00	9.00	0.00
99	26.00	35.00	15.00	0.00
100	31.00	67.00	3.00	0.00
101	40.00	50.00	0.00	0.00

Distance For Drone
0	1	38.0789
0	2	30.8058
0	3	39.3573
0	4	36.0555
0	5	40.3113
0	6	33.3017
0	7	35.3553
0	8	39.0512
0	9	33.5410
0	10	31.6228
0	11	33.5261
0	12	32.3883
0	13	38.0789
0	14	35.3553
0	15	39.2938
0	16	41.2311
0	17	40.3113
0	18	45.1774
0	19	40.0500
0	20	35.0571
0	21	45.0000
0	22	35.0000
0	23	45.0444
0	24	35.0571
0	25	45.2769
0	26	58.5235
0	27	57.0088
0	28	55.7136
0	29	52.2015
0	30	52.0000
0	31	50.2892
0	32	51.0784
0	33	51.4782
0	34	47.4342
0	35	44.2041
0	36	43.0116
0	37	40.6079
0	38	37.2022
0	39	36.0555
0	40	40.3113
0	41	30.8058
0	42	33.5410
0	43	38.0789
0	44	35.3412
0	45	37.7359
0	46	37.2022
0	47	38.3275
0	48	45.0444
0	49	38.0526
0	50	35.3412
0	51	33.5410
0	52	25.0000
0	53	20.0000
0	54	18.0278
0	55	14.1421
0	56	18.0278
0	57	26.9258
0	58	47.1699
0	59	42.4264
0	60	26.9258
0	61	15.8114
0	62	29.1548
0	63	39.0512
0	64	20.6155
0	65	11.1803
0	66	13.0384
0	67	25.2982
0	68	10.0000
0	69	9.2195
0	70	19.6469
0	71	25.4951
0	72	27.4591
0	73	39.2938
0	74	36.0555
0	75	57.0088
0	76	42.9418
0	77	49.9800
0	78	32.5576
0	79	38.4708
0	80	7.6158
0	81	12.0416
0	82	14.7648
0	83	19.2354
0	84	27.0185
0	85	35.4683
0	86	32.2025
0	87	38.2099
0	88	17.8885
0	89	52.4786
0	90	4.2426
0	91	12.0416
0	92	14.7648
0	93	21.0950
0	94	17.1172
0	95	20.6155
0	96	15.5242
0	97	48.1664
0	98	14.1421
0	99	20.5183
0	100	19.2354
0	101	0.0000
1	0	38.0789
1	2	10.4403
1	3	3.0000
1	4	7.0711
1	5	5.0000
1	6	12.2066
1	7	14.1421
1	8	11.1803
1	9	52.2015
1	10	47.4342
1	11	48.1041
1	12	43.4626
1	13	53.8516
1	14	44.7214
1	15	50.5371
1	16	51.4782
1	17	47.1699
1	18	82.2253
1	19	76.9025
1	20	72.0347
1	21	81.3941
1	22	71.5891
1	23	81.0494
1	24	71.1969
1	25	80.6226
1	26	89.0225
1	27	86.0233
1	28	86.6833
1	29	82.0061
1	30	83.6301
1	31	80.4301
1	32	82.8794
1	33	84.8528
1	34	78.1025
1	35	42.0000
1	36	40.0000
1	37	40.1123
1	38	37.3363
1	39	35.3553
1	40	35.0000
1	41	34.4819
1	42	30.4138
1	43	30.0000
1	44	30.1496
1	45	5.8310
1	46	8.6023
1	47	46.1411
1	48	81.7863
1	49	74.9533
1	50	68.6222
1	51	71.5891
1	52	55.0000
1	53	35.3553
1	54	39.0512
1	55	25.4951
1	56	55.9017
1	57	60.2080
1	58	75.6637
1	59	66.7083
1	60	26.9258
1	61	28.2843
1	62	64.0312
1	63	76.3217
1	64	58.5235
1	65	46.0977
1	66	50.5964
1	67	58.0517
1	68	29.1548
1	69	33.5410
1	70	18.8680
1	71	50.0000
1	72	42.9418
1	73	33.9706
1	74	65.1920
1	75	82.4621
1	76	80.9568
1	77	82.0244
1	78	33.6155
1	79	25.4951
1	80	43.9090
1	81	36.1248
1	82	42.0476
1	83	55.3173
1	84	64.4981
1	85	72.7186
1	86	61.1310
1	87	62.3699
1	88	27.0185
1	89	90.3549
1	90	39.8497
1	91	49.2443
1	92	50.4777
1	93	48.8365
1	94	48.9183
1	95	57.1402
1	96	43.1393
1	97	70.2140
1	98	33.0151
1	99	50.0100
1	100	18.9737
1	101	38.0789
2	0	30.8058
2	1	10.4403
2	3	10.0000
2	4	5.3852
2	5	10.1980
2	6	4.0000
2	7	7.0000
2	8	8.6023
2	9	41.7612
2	10	37.0000
2	11	37.6962
2	12	33.1059
2	13	43.4626
2	14	34.4819
2	15	40.3113
2	16	41.3401
2	17	37.2022
2	18	73.3757
2	19	68.0074
2	20	63.2456
2	21	72.2772
2	22	62.6418
2	23	71.8053
2	24	62.0967
2	25	71.1969
2	26	85.7555
2	27	83.2406
2	28	83.2166
2	29	78.8923
2	30	79.8812
2	31	77.1751
2	32	79.0569
2	33	80.4301
2	34	74.6257
2	35	46.0977
2	36	44.1475
2	37	43.5660
2	38	40.3113
2	39	38.3275
2	40	39.2938
2	41	36.0000
2	42	33.3766
2	43	34.4819
2	44	33.7343
2	45	7.2801
2	46	6.4031
2	47	36.0555
2	48	72.8011
2	49	66.0984
2	50	64.0312
2	51	64.1405
2	52	45.0999
2	53	25.0799
2	54	36.2491
2	55	17.0000
2	56	48.8262
2	57	50.6360
2	58	65.3758
2	59	56.2939
2	60	16.5529
2	61	25.0799
2	62	58.7282
2	63	69.8140
2	64	50.5371
2	65	37.3363
2	66	42.4853
2	67	53.4135
2	68	23.4307
2	69	24.6982
2	70	14.3178
2	71	47.4236
2	72	42.2019
2	73	25.0000
2	74	55.0364
2	75	72.0347
2	76	73.5731
2	77	72.0069
2	78	23.6008
2	79	17.4642
2	80	37.5366
2	81	31.9061
2	82	32.3883
2	83	46.4866
2	84	57.8014
2	85	66.2193
2	86	51.0098
2	87	51.9711
2	88	17.1172
2	89	83.2166
2	90	31.7648
2	91	42.6380
2	92	44.5533
2	93	45.2769
2	94	44.2041
2	95	50.9902
2	96	39.1152
2	97	59.7746
2	98	23.3452
2	99	40.1995
2	100	12.0416
2	101	30.8058
3	0	39.3573
3	1	3.0000
3	2	10.0000
3	4	5.3852
3	5	2.0000
3	6	10.7703
3	7	12.2066
3	8	8.6023
3	9	51.4198
3	10	46.5725
3	11	47.1275
3	12	42.3792
3	13	52.8110
3	14	43.4626
3	15	49.2443
3	16	50.0899
3	17	45.6508
3	18	82.9699
3	19	77.6209
3	20	72.8011
3	21	82.0000
3	22	72.2772
3	23	81.5843
3	24	71.8053
3	25	81.0494
3	26	91.4002
3	27	88.4816
3	28	89.0225
3	29	84.4038
3	30	85.9127
3	31	82.8010
3	32	85.1469
3	33	87.0000
3	34	80.4301
3	35	45.0000
3	36	43.0000
3	37	43.1045
3	38	40.3113
3	39	38.3275
3	40	38.0000
3	41	37.3631
3	42	33.3766
3	43	33.0000
3	44	33.1361
3	45	3.6056
3	46	6.4031
3	47	44.7214
3	48	82.4621
3	49	75.6902
3	50	70.7107
3	51	72.8972
3	52	55.0818
3	53	35.0571
3	54	41.4005
3	55	26.2488
3	56	57.3062
3	57	60.5310
3	58	75.3260
3	59	66.0984
3	60	25.9615
3	61	30.4795
3	62	65.9469
3	63	77.9359
3	64	59.6154
3	65	46.8402
3	66	51.6236
3	67	60.1082
3	68	30.8058
3	69	34.2053
3	70	20.6155
3	71	52.4309
3	72	45.6180
3	73	32.0156
3	74	65.0308
3	75	81.7863
3	76	82.2982
3	77	82.0061
3	78	32.2025
3	79	23.3452
3	80	45.4863
3	81	38.1838
3	82	42.2966
3	83	56.0446
3	84	66.0379
3	85	74.3303
3	86	61.0082
3	87	61.8142
3	88	27.0740
3	89	91.7878
3	90	40.8534
3	91	50.7740
3	92	52.2015
3	93	51.0882
3	94	50.9313
3	95	58.8218
3	96	45.2769
3	97	69.3758
3	98	33.2415
3	99	50.1597
3	100	20.1246
3	101	39.3573
4	0	36.0555
4	1	7.0711
4	2	5.3852
4	3	5.3852
4	5	5.0000
4	6	5.3852
4	7	7.0711
4	8	5.0000
4	9	46.0977
4	10	41.2311
4	11	41.7612
4	12	37.0000
4	13	47.4342
4	14	38.0789
4	15	43.8634
4	16	44.7214
4	17	40.3113
4	18	78.7464
4	19	73.3757
4	20	68.6222
4	21	77.6209
4	22	68.0074
4	23	77.1298
4	24	67.4463
4	25	76.4853
4	26	90.1388
4	27	87.4643
4	28	87.6584
4	29	83.2166
4	30	84.4038
4	31	81.5414
4	32	83.6002
4	33	85.1469
4	34	79.0569
4	35	47.2652
4	36	45.2769
4	37	45.0444
4	38	42.0000
4	39	40.0000
4	40	40.3113
4	41	38.3275
4	42	35.0000
4	43	35.3553
4	44	35.0571
4	45	2.0000
4	46	2.0000
4	47	39.3573
4	48	78.1601
4	49	71.4703
4	50	68.7677
4	51	69.4622
4	52	50.2494
4	53	30.0000
4	54	40.3113
4	55	22.3607
4	56	54.0833
4	57	55.9017
4	58	70.1783
4	59	60.8276
4	60	20.6155
4	61	29.1548
4	62	63.6396
4	63	75.0000
4	64	55.9017
4	65	42.7200
4	66	47.8539
4	67	58.1378
4	68	28.2843
4	69	30.0832
4	70	18.6011
4	71	51.4782
4	72	45.5412
4	73	26.9072
4	74	60.0000
4	75	76.4853
4	76	78.8923
4	77	77.0584
4	78	26.8328
4	79	18.4391
4	80	42.6380
4	81	36.4005
4	82	37.6563
4	83	51.8652
4	84	63.0079
4	85	71.4003
4	86	56.0089
4	87	56.5685
4	88	22.3607
4	89	88.5099
4	90	37.1214
4	91	47.8017
4	92	49.5782
4	93	49.6488
4	94	48.9183
4	95	56.0803
4	96	43.6005
4	97	64.0312
4	98	28.6356
4	99	45.3982
4	100	17.0294
4	101	36.0555
5	0	40.3113
5	1	5.0000
5	2	10.1980
5	3	2.0000
5	4	5.0000
5	6	10.1980
5	7	11.1803
5	8	7.0711
5	9	50.9902
5	10	46.0977
5	11	46.5725
5	12	41.7612
5	13	52.2015
5	14	42.7200
5	15	48.4665
5	16	49.2443
5	17	44.7214
5	18	83.5225
5	19	78.1601
5	20	73.3757
5	21	82.4621
5	22	72.8011
5	23	82.0000
5	24	72.2772
5	25	81.3941
5	26	93.0054
5	27	90.1388
5	28	90.6035
5	29	86.0233
5	30	87.4586
5	31	84.4038
5	32	86.6833
5	33	88.4590
5	34	82.0061
5	35	47.0000
5	36	45.0000
5	37	45.0999
5	38	42.2966
5	39	40.3113
5	40	40.0000
5	41	39.2938
5	42	35.3553
5	43	35.0000
5	44	35.1283
5	45	3.0000
5	46	5.3852
5	47	43.8634
5	48	82.9699
5	49	76.2430
5	50	72.1388
5	51	73.8241
5	52	55.2268
5	53	35.0000
5	54	43.0116
5	55	26.9258
5	56	58.3095
5	57	60.8276
5	58	75.1665
5	59	65.7647
5	60	25.4951
5	61	32.0156
5	62	67.2681
5	63	79.0569
5	64	60.4152
5	65	47.4342
5	66	52.3927
5	67	61.5224
5	68	32.0156
5	69	34.7851
5	70	21.9317
5	71	54.0833
5	72	47.4236
5	73	30.8058
5	74	65.0000
5	75	81.3941
5	76	83.2406
5	77	82.0549
5	78	31.3847
5	79	22.0227
5	80	46.6154
5	81	39.6232
5	82	42.5793
5	83	56.6127
5	84	67.1193
5	85	75.4520
5	86	61.0082
5	87	61.5224
5	88	27.2947
5	89	92.7847
5	90	41.6293
5	91	51.8652
5	92	53.4135
5	93	52.6308
5	94	52.3259
5	95	60.0000
5	96	46.7547
5	97	68.8840
5	98	33.5410
5	99	50.3587
5	100	21.0950
5	101	40.3113
6	0	33.3017
6	1	12.2066
6	2	4.0000
6	3	10.7703
6	4	5.3852
6	5	10.1980
6	7	3.0000
6	8	5.8310
6	9	40.7922
6	10	35.9026
6	11	36.4005
6	12	31.6228
6	13	42.0595
6	14	32.6956
6	15	38.4838
6	16	39.3573
6	17	34.9857
6	18	74.6726
6	19	69.2892
6	20	64.6220
6	21	73.3757
6	22	63.9062
6	23	72.8011
6	24	63.2456
6	25	72.0347
6	26	89.1852
6	27	86.7698
6	28	86.6083
6	29	82.3650
6	30	83.2166
6	31	80.6226
6	32	82.3772
6	33	83.6002
6	34	78.0320
6	35	50.0100
6	36	48.0521
6	37	47.5184
6	38	44.2832
6	39	42.2966
6	40	43.1741
6	41	40.0000
6	42	37.3363
6	43	38.3275
6	44	37.6563
6	45	7.2801
6	46	5.0000
6	47	34.0000
6	48	74.0000
6	49	67.4166
6	50	67.2012
6	51	66.2873
6	52	45.5412
6	53	25.0799
6	54	39.9249
6	55	19.2094
6	56	51.2250
6	57	51.4198
6	58	65.0692
6	59	55.5788
6	60	15.2971
6	61	28.7924
6	62	61.7171
6	63	72.3464
6	64	52.4786
6	65	38.9102
6	66	44.4185
6	67	56.6127
6	68	26.6271
6	69	26.4197
6	70	18.0278
6	71	51.0784
6	72	46.0977
6	73	21.9317
6	74	55.0364
6	75	71.1969
6	76	75.7166
6	77	72.1734
6	78	21.4709
6	79	13.8924
6	80	40.3113
6	81	35.3553
6	82	33.2415
6	83	47.9270
6	84	60.3075
6	85	68.7677
6	86	51.0882
6	87	51.3517
6	88	18.0278
6	89	85.4459
6	90	33.8378
6	91	45.2769
6	92	47.4236
6	93	48.7647
6	94	47.4342
6	95	53.7401
6	96	42.5441
6	97	58.6941
6	98	24.3516
6	99	40.7922
6	100	15.2643
6	101	33.3017
7	0	35.3553
7	1	14.1421
7	2	7.0000
7	3	12.2066
7	4	7.0711
7	5	11.1803
7	6	3.0000
7	8	5.0000
7	9	40.3113
7	10	35.3553
7	11	35.6931
7	12	30.8058
7	13	41.2311
7	14	31.6228
7	15	37.3363
7	16	38.0789
7	17	33.5410
7	18	75.7694
7	19	70.3847
7	20	65.7951
7	21	74.3303
7	22	65.0000
7	23	73.6817
7	24	64.2573
7	25	72.8011
7	26	91.7878
7	27	89.4427
7	28	89.1852
7	29	85.0000
7	30	85.7555
7	31	83.2406
7	32	84.9058
7	33	86.0233
7	34	80.6226
7	35	52.9528
7	36	50.9902
7	37	50.4876
7	38	47.2652
7	39	45.2769
7	40	46.0977
7	41	43.0000
7	42	40.3113
7	43	41.2311
7	44	40.6079
7	45	8.6023
7	46	5.8310
7	47	32.6956
7	48	75.0267
7	49	68.5420
7	50	69.6348
7	51	68.0074
7	52	46.0977
7	53	25.4951
7	54	42.7200
7	55	21.2132
7	56	53.1507
7	57	52.2015
7	58	65.0000
7	59	55.2268
7	60	15.0000
7	61	31.6228
7	62	64.0312
7	63	74.3303
7	64	54.0833
7	65	40.3113
7	66	46.0435
7	67	59.0762
7	68	29.1548
7	69	28.0179
7	70	20.8806
7	71	53.8516
7	72	49.0306
7	73	19.8494
7	74	55.2268
7	75	70.7107
7	76	77.4209
7	77	72.4431
7	78	20.2485
7	79	11.4018
7	80	42.5206
7	81	38.0132
7	82	34.1760
7	83	49.1935
7	84	62.2896
7	85	70.7672
7	86	51.3517
7	87	51.0882
7	88	19.2354
7	89	87.2009
7	90	35.6090
7	91	47.3814
7	92	49.6790
7	93	51.4296
7	94	49.9300
7	95	55.9017
7	96	45.1774
7	97	58.0517
7	98	25.4951
7	99	41.4849
7	100	17.8885
7	101	35.3553
8	0	39.0512
8	1	11.1803
8	2	8.6023
8	3	8.6023
8	4	5.0000
8	5	7.0711
8	6	5.8310
8	7	5.0000
8	9	45.2769
8	10	40.3113
8	11	40.6079
8	12	35.6931
8	13	46.0977
8	14	36.4005
8	15	42.0595
8	16	42.7200
8	17	38.0789
8	18	80.4114
8	19	75.0267
8	20	70.3847
8	21	79.0569
8	22	69.6419
8	23	78.4474
8	24	68.9493
8	25	77.6209
8	26	94.3398
8	27	91.7878
8	28	91.8096
8	29	87.4643
8	30	88.4816
8	31	85.7555
8	32	87.6584
8	33	89.0225
8	34	83.2166
8	35	52.2398
8	36	50.2494
8	37	50.0400
8	38	47.0000
8	39	45.0000
8	40	45.2769
8	41	43.2897
8	42	40.0000
8	43	40.3113
8	44	40.0500
8	45	5.3852
8	46	3.0000
8	47	37.3363
8	48	79.7120
8	49	73.1642
8	50	72.6223
8	51	72.1110
8	52	50.9902
8	53	30.4138
8	54	44.7214
8	55	25.0000
8	56	57.0088
8	57	57.0088
8	58	70.0000
8	59	60.2080
8	60	20.0000
8	61	33.5410
8	62	67.2681
8	63	78.1025
8	64	58.3095
8	65	44.7214
8	66	50.2494
8	67	62.0081
8	68	32.0156
8	69	32.2490
8	70	22.8254
8	71	55.9017
8	72	50.2892
8	73	23.8537
8	74	60.2080
8	75	75.6637
8	76	81.5414
8	77	77.4145
8	78	25.0000
8	79	15.0000
8	80	45.9674
8	81	40.4969
8	82	38.8973
8	83	53.7122
8	84	66.0681
8	85	74.5185
8	86	56.3205
8	87	56.0803
8	88	23.7697
8	89	91.2634
8	90	39.6611
8	91	50.9902
8	92	53.0377
8	93	53.8516
8	94	52.8015
8	95	59.4138
8	96	47.7074
8	97	62.9682
8	98	30.0832
8	99	46.3249
8	100	20.6155
8	101	39.0512
9	0	33.5410
9	1	52.2015
9	2	41.7612
9	3	51.4198
9	4	46.0977
9	5	50.9902
9	6	40.7922
9	7	40.3113
9	8	45.2769
9	10	5.0000
9	11	5.3852
9	12	10.1980
9	13	5.0000
9	14	11.1803
9	15	9.4340
9	16	11.1803
9	17	14.1421
9	18	45.3431
9	19	40.6079
9	20	37.7359
9	21	42.4264
9	22	36.0555
9	23	41.0366
9	24	34.4093
9	25	39.0512
9	26	85.1469
9	27	85.0000
9	28	82.1523
9	29	80.0000
9	30	78.1601
9	31	78.0000
9	32	77.1622
9	33	75.6637
9	34	75.0000
9	35	75.8222
9	36	74.3303
9	37	72.3464
9	38	68.7677
9	39	67.2681
9	40	70.7107
9	41	62.4820
9	42	63.6396
9	43	67.2681
9	44	65.0692
9	45	48.0521
9	46	45.7056
9	47	12.8062
9	48	43.8634
9	49	39.4081
9	50	62.0000
9	51	47.4342
9	52	15.8114
9	53	18.0278
9	54	51.4782
9	55	32.0156
9	56	40.0000
9	57	22.3607
9	58	25.4951
9	59	15.0000
9	60	25.4951
9	61	46.0977
9	62	55.0000
9	63	57.0088
9	64	35.3553
9	65	25.4951
9	66	31.0644
9	67	54.4518
9	68	39.0512
9	69	27.0185
9	70	42.2019
9	71	58.5235
9	72	60.9016
9	73	26.2488
9	74	18.0278
9	75	30.4138
9	76	55.0364
9	77	34.5398
9	78	21.0950
9	79	33.2415
9	80	38.8973
9	81	45.2769
9	82	18.7883
9	83	27.2947
9	84	47.3814
9	85	54.3415
9	86	15.5563
9	87	11.1803
9	88	26.9258
9	89	64.4127
9	90	29.5466
9	91	39.6232
9	92	43.7379
9	93	53.7587
9	94	48.7647
9	95	46.0435
9	96	48.8467
9	97	18.0278
9	98	23.3452
9	99	16.0000
9	100	38.2753
9	101	33.5410
10	0	31.6228
10	1	47.4342
10	2	37.0000
10	3	46.5725
10	4	41.2311
10	5	46.0977
10	6	35.9026
10	7	35.3553
10	8	40.3113
10	9	5.0000
10	11	2.0000
10	12	5.3852
10	13	7.0711
10	14	7.0711
10	15	8.0000
10	16	10.0000
10	17	11.1803
10	18	48.7955
10	19	43.8634
10	20	40.6079
10	21	46.0977
10	22	39.0512
10	23	44.8219
10	24	37.5366
10	25	43.0116
10	26	85.5862
10	27	85.1469
10	28	82.6075
10	29	80.1561
10	30	78.6384
10	31	78.1601
10	32	77.6466
10	33	76.4853
10	34	75.1665
10	35	72.6223
10	36	71.0634
10	37	69.2026
10	38	65.6049
10	39	64.0312
10	40	67.2681
10	41	59.4054
10	42	60.2080
10	43	63.6396
10	44	61.5549
10	45	43.1741
10	46	40.7922
10	47	9.4340
10	48	47.4236
10	49	42.5206
10	50	62.2013
10	51	49.2443
10	52	18.0278
10	53	14.1421
10	54	49.2443
10	55	28.2843
10	56	40.3113
10	57	25.0000
10	58	30.4138
10	59	20.0000
10	60	20.6155
10	61	43.0116
10	62	55.2268
10	63	58.5235
10	64	36.4005
10	65	25.0000
10	66	31.1448
10	67	54.0370
10	68	36.0555
10	69	24.1868
10	70	38.2884
10	71	57.0088
10	72	58.6003
10	73	21.5407
10	74	22.3607
10	75	35.3553
10	76	57.3062
10	77	39.2173
10	78	16.1245
10	79	28.2843
10	80	37.6563
10	81	42.9535
10	82	17.2627
10	83	28.4605
10	84	48.2701
10	85	55.6597
10	86	19.4165
10	87	16.1245
10	88	22.8035
10	89	66.8880
10	90	27.8927
10	91	39.0512
10	92	43.1045
10	93	52.3927
10	94	47.6760
10	95	46.0977
10	96	47.1275
10	97	22.8035
10	98	20.0000
10	99	16.7631
10	100	34.2053
10	101	31.6228
11	0	33.5261
11	1	48.1041
11	2	37.6962
11	3	47.1275
11	4	41.7612
11	5	46.5725
11	6	36.4005
11	7	35.6931
11	8	40.6079
11	9	5.3852
11	10	2.0000
11	12	5.0000
11	13	5.8310
11	14	5.8310
11	15	6.0000
11	16	8.0000
11	17	9.4340
11	18	50.2096
11	19	45.3431
11	20	42.2019
11	21	47.4236
11	22	40.6079
11	23	46.0977
11	24	39.0512
11	25	44.2041
11	26	87.5728
11	27	87.1436
11	28	84.5931
11	29	82.1523
11	30	80.6226
11	31	80.1561
11	32	79.6304
11	33	78.4474
11	34	77.1622
11	35	74.2024
11	36	72.6223
11	37	70.8025
11	38	67.2012
11	39	65.6049
11	40	68.7677
11	41	61.0328
11	42	61.7171
11	43	65.0692
11	44	63.0317
11	45	43.6807
11	46	41.2311
11	47	7.8102
11	48	48.7955
11	49	44.0454
11	50	64.1950
11	51	51.0784
11	52	19.7231
11	53	15.6205
11	54	51.0784
11	55	29.7321
11	56	42.2966
11	57	26.6271
11	58	30.8058
11	59	20.0998
11	60	21.1896
11	61	44.6542
11	62	57.2189
11	63	60.4070
11	64	38.3275
11	65	27.0000
11	66	33.1361
11	67	56.0357
11	68	37.7359
11	69	25.9422
11	70	39.6232
11	71	58.9406
11	72	60.4152
11	73	20.8806
11	74	23.3238
11	75	35.1283
11	76	59.0593
11	77	39.9249
11	78	16.0000
11	79	28.0713
11	80	39.6232
11	81	44.7772
11	82	19.2354
11	83	30.3645
11	84	50.2195
11	85	57.5674
11	86	20.6155
11	87	16.4924
11	88	24.0832
11	89	68.6003
11	90	29.8329
11	91	41.0488
11	92	45.0999
11	93	54.3415
11	94	49.6488
11	95	48.0937
11	96	49.0408
11	97	22.3607
11	98	21.6333
11	99	18.6815
11	100	35.4683
11	101	33.5261
12	0	32.3883
12	1	43.4626
12	2	33.1059
12	3	42.3792
12	4	37.0000
12	5	41.7612
12	6	31.6228
12	7	30.8058
12	8	35.6931
12	9	10.1980
12	10	5.3852
12	11	5.0000
12	13	10.4403
12	14	3.0000
12	15	7.8102
12	16	9.4340
12	17	8.0000
12	18	53.8145
12	19	48.7955
12	20	45.3431
12	21	51.2250
12	22	43.8634
12	23	50.0000
12	24	42.4264
12	25	48.2597
12	26	88.2836
12	27	87.5728
12	28	85.3288
12	29	82.6075
12	30	81.3941
12	31	80.6226
12	32	80.4114
12	33	79.5550
12	34	77.6466
12	35	71.2811
12	36	69.6348
12	37	67.9559
12	38	64.3506
12	39	62.6817
12	40	65.6049
12	41	58.3095
12	42	58.6003
12	43	61.7171
12	44	59.8164
12	45	38.8973
12	46	36.4005
12	47	6.0000
12	48	52.4976
12	49	47.3814
12	50	64.7765
12	51	53.2353
12	52	22.6716
12	53	13.0000
12	54	49.3356
12	55	26.6271
12	56	43.1741
12	57	29.7321
12	58	35.6931
12	59	25.0799
12	60	16.5529
12	61	42.0595
12	62	57.8705
12	63	62.2415
12	64	39.9249
12	65	27.4591
12	66	33.9559
12	67	56.0803
12	68	35.3412
12	69	24.0416
12	70	36.1248
12	71	57.8705
12	72	58.5235
12	73	16.1555
12	74	27.7308
12	75	40.1123
12	76	61.5873
12	77	44.5982
12	78	11.0000
12	79	23.0868
12	80	39.0512
12	81	43.0116
12	82	19.1050
12	83	32.2025
12	84	51.5461
12	85	59.2368
12	86	24.6982
12	87	21.3776
12	88	20.6155
12	89	71.2811
12	90	29.0689
12	91	41.1096
12	92	45.0444
12	93	53.4603
12	94	49.0918
12	95	48.6621
12	96	47.8539
12	97	27.2947
12	98	19.3132
12	99	20.5913
12	100	31.8277
12	101	32.3883
13	0	38.0789
13	1	53.8516
13	2	43.4626
13	3	52.8110
13	4	47.4342
13	5	52.2015
13	6	42.0595
13	7	41.2311
13	8	46.0977
13	9	5.0000
13	10	7.0711
13	11	5.8310
13	12	10.4403
13	14	10.0000
13	15	5.8310
13	16	7.0711
13	17	11.1803
13	18	49.2037
13	19	44.6542
13	20	42.0595
13	21	46.0977
13	22	40.3113
13	23	44.5982
13	24	38.5876
13	25	42.4264
13	26	90.1388
13	27	90.0000
13	28	87.1436
13	29	85.0000
13	30	83.1505
13	31	83.0000
13	32	82.1523
13	33	80.6226
13	34	80.0000
13	35	79.6492
13	36	78.1025
13	37	76.2168
13	38	72.6223
13	39	71.0634
13	40	74.3303
13	41	66.4003
13	42	67.2681
13	43	70.7107
13	44	68.6222
13	45	49.3356
13	46	46.8402
13	47	10.4403
13	48	47.6340
13	49	43.5660
13	50	67.0000
13	51	52.2015
13	52	20.6155
13	53	21.2132
13	54	55.9017
13	55	35.3553
13	56	45.0000
13	57	26.9258
13	58	26.9258
13	59	15.8114
13	60	26.9258
13	61	50.0000
13	62	60.0000
13	63	61.8466
13	64	40.3113
13	65	30.4138
13	66	36.0555
13	67	59.4138
13	68	43.0116
13	69	31.0644
13	70	45.3431
13	71	63.2456
13	72	65.2993
13	73	25.1794
13	74	21.2132
13	75	30.0000
13	76	59.6154
13	77	36.7151
13	78	21.2132
13	79	33.0151
13	80	43.6807
13	81	49.6488
13	82	23.4094
13	83	32.2490
13	84	52.3450
13	85	59.2284
13	86	19.4165
13	87	13.0384
13	88	29.8329
13	89	68.8767
13	90	34.1760
13	91	44.5533
13	92	48.6621
13	93	58.5235
13	94	53.6004
13	95	51.0392
13	96	53.4883
13	97	17.0294
13	98	27.0185
13	99	21.0000
13	100	41.2311
13	101	38.0789
14	0	35.3553
14	1	44.7214
14	2	34.4819
14	3	43.4626
14	4	38.0789
14	5	42.7200
14	6	32.6956
14	7	31.6228
14	8	36.4005
14	9	11.1803
14	10	7.0711
14	11	5.8310
14	12	3.0000
14	13	10.0000
14	15	5.8310
14	16	7.0711
14	17	5.0000
14	18	55.8659
14	19	50.9313
14	20	47.6340
14	21	53.1507
14	22	46.0977
14	23	51.8556
14	24	44.5982
14	25	50.0000
14	26	91.2414
14	27	90.5539
14	28	88.2836
14	29	85.5862
14	30	84.3445
14	31	83.6002
14	32	83.3607
14	33	82.4621
14	34	80.6226
14	35	73.7835
14	36	72.1110
14	37	70.4911
14	38	66.8880
14	39	65.1920
14	40	68.0074
14	41	60.9016
14	42	61.0328
14	43	64.0312
14	44	62.2013
14	45	39.9249
14	46	37.3363
14	47	3.0000
14	48	54.4885
14	49	49.5782
14	50	67.7422
14	51	55.9017
14	52	25.0000
14	53	15.8114
14	54	52.2015
14	55	29.1548
14	56	46.0977
14	57	32.0156
14	58	36.4005
14	59	25.4951
14	60	18.0278
14	61	44.7214
14	62	60.8276
14	63	65.0000
14	64	42.7200
14	65	30.4138
14	66	36.8782
14	67	59.0762
14	68	38.0789
14	69	26.9258
14	70	38.4187
14	71	60.8276
14	72	61.3514
14	73	15.2971
14	74	29.1548
14	75	40.0000
14	76	64.1405
14	77	45.6946
14	78	11.4018
14	79	23.0217
14	80	42.0476
14	81	45.8803
14	82	22.0907
14	83	34.9285
14	84	54.4059
14	85	62.0322
14	86	26.4008
14	87	22.1359
14	88	23.0217
14	89	73.7835
14	90	32.0624
14	91	44.1022
14	92	48.0416
14	93	56.4358
14	94	52.0865
14	95	51.6236
14	96	50.8035
14	97	27.0185
14	98	22.1359
14	99	23.2594
14	100	34.0588
14	101	35.3553
15	0	39.2938
15	1	50.5371
15	2	40.3113
15	3	49.2443
15	4	43.8634
15	5	48.4665
15	6	38.4838
15	7	37.3363
15	8	42.0595
15	9	9.4340
15	10	8.0000
15	11	6.0000
15	12	7.8102
15	13	5.8310
15	14	5.8310
15	16	2.0000
15	17	5.3852
15	18	54.6717
15	19	50.0000
15	20	47.1699
15	21	51.6624
15	22	45.4863
15	23	50.2096
15	24	43.8292
15	25	48.1041
15	26	93.5361
15	27	93.1343
15	28	90.5539
15	29	88.1419
15	30	86.5794
15	31	86.1452
15	32	85.5862
15	33	84.3445
15	34	83.1505
15	35	79.0569
15	36	77.4209
15	37	75.7166
15	38	72.1110
15	39	70.4557
15	40	73.4098
15	41	66.0379
15	42	66.4003
15	43	69.5270
15	44	67.6240
15	45	45.6946
15	46	43.0813
15	47	5.0000
15	48	53.1507
15	49	48.8262
15	50	70.1783
15	51	56.6480
15	52	25.0799
15	53	20.5913
15	54	56.6480
15	55	34.4093
15	56	48.2597
15	57	31.7648
15	58	32.6956
15	59	21.5407
15	60	23.8537
15	61	49.7393
15	62	63.1981
15	63	66.0984
15	64	44.1475
15	65	33.0000
15	66	39.1152
15	67	62.0322
15	68	42.9418
15	69	31.3847
15	70	43.9318
15	71	64.7611
15	72	65.9242
15	73	20.0000
15	74	26.9072
15	75	35.1283
15	76	64.4050
15	77	42.5441
15	78	17.0880
15	79	28.2843
15	80	45.5412
15	81	50.3289
15	82	25.1794
15	83	36.1386
15	84	56.0892
15	85	63.3246
15	86	24.8395
15	87	18.8680
15	88	28.4253
15	89	73.8241
15	90	35.6931
15	91	47.0425
15	92	51.0882
15	93	60.2080
15	94	55.5788
15	95	54.0833
15	96	54.8179
15	97	22.0907
15	98	26.8328
15	99	24.5153
15	100	39.6232
15	101	39.2938
16	0	41.2311
16	1	51.4782
16	2	41.3401
16	3	50.0899
16	4	44.7214
16	5	49.2443
16	6	39.3573
16	7	38.0789
16	8	42.7200
16	9	11.1803
16	10	10.0000
16	11	8.0000
16	12	9.4340
16	13	7.0711
16	14	7.0711
16	15	2.0000
16	17	5.0000
16	18	56.2228
16	19	51.6140
16	20	48.8774
16	21	53.1507
16	22	47.1699
16	23	51.6624
16	24	45.4863
16	25	49.4975
16	26	95.5249
16	27	95.1315
16	28	92.5419
16	29	90.1388
16	30	88.5664
16	31	88.1419
16	32	87.5728
16	33	86.3134
16	34	85.1469
16	35	80.7094
16	36	79.0569
16	37	77.3886
16	38	73.7835
16	39	72.1110
16	40	75.0000
16	41	67.7422
16	42	68.0074
16	43	71.0634
16	44	69.2026
16	45	46.5188
16	46	43.8634
16	47	5.3852
16	48	54.6717
16	49	50.4777
16	50	72.1734
16	51	58.5235
16	52	26.9258
16	53	22.3607
16	54	58.5235
16	55	36.0555
16	56	50.2494
16	57	33.5410
16	58	33.5410
16	59	22.3607
16	60	25.0000
16	61	51.4782
16	62	65.1920
16	63	68.0074
16	64	46.0977
16	65	35.0000
16	66	41.1096
16	67	64.0312
16	68	44.7214
16	69	33.2415
16	70	45.4533
16	71	66.7083
16	72	67.7791
16	73	20.0998
16	74	28.2843
16	75	35.3553
16	76	66.2118
16	77	43.5660
16	78	17.8885
16	79	28.6356
16	80	47.5184
16	81	52.2015
16	82	27.1662
16	83	38.0789
16	84	58.0517
16	85	65.2534
16	86	26.4008
16	87	20.0000
16	88	30.0000
16	89	75.5910
16	90	37.6563
16	91	49.0408
16	92	53.0848
16	93	62.1691
16	94	57.5587
16	95	56.0803
16	96	56.7539
16	97	22.3607
16	98	28.6356
16	99	26.4764
16	100	41.1096
16	101	41.2311
17	0	40.3113
17	1	47.1699
17	2	37.2022
17	3	45.6508
17	4	40.3113
17	5	44.7214
17	6	34.9857
17	7	33.5410
17	8	38.0789
17	9	14.1421
17	10	11.1803
17	11	9.4340
17	12	8.0000
17	13	11.1803
17	14	5.0000
17	15	5.3852
17	16	5.0000
17	18	59.4643
17	19	54.6717
17	20	51.6140
17	21	56.5685
17	22	50.0000
17	23	55.1725
17	24	48.4149
17	25	53.1507
17	26	96.1769
17	27	95.5249
17	28	93.2148
17	29	90.5539
17	30	89.2693
17	31	88.5664
17	32	88.2836
17	33	87.3212
17	34	85.5862
17	35	78.0320
17	36	76.3217
17	37	74.7930
17	38	71.1969
17	39	69.4622
17	40	72.1110
17	41	65.2993
17	42	65.1920
17	43	68.0074
17	44	66.2873
17	45	42.0595
17	46	39.3573
17	47	2.0000
17	48	58.0000
17	49	53.4135
17	50	72.6911
17	51	60.4152
17	52	29.1548
17	53	20.6155
17	54	57.0088
17	55	33.5410
17	56	50.9902
17	57	36.0555
17	58	38.0789
17	59	26.9258
17	60	21.2132
17	61	49.2443
17	62	65.7647
17	63	69.6419
17	64	47.4342
17	65	35.3553
17	66	41.7732
17	67	64.0703
17	68	42.7200
17	69	31.7805
17	70	42.4382
17	71	65.7647
17	72	66.0984
17	73	15.1327
17	74	32.0156
17	75	40.3113
17	76	68.4763
17	77	47.8853
17	78	13.6015
17	79	23.7697
17	80	47.0425
17	81	50.6952
17	82	27.0740
17	83	39.5601
17	84	59.2030
17	85	66.7308
17	86	29.6985
17	87	24.1868
17	88	27.2947
17	89	78.0320
17	90	37.0540
17	91	49.0918
17	92	53.0377
17	93	61.4003
17	94	57.0789
17	95	56.5685
17	96	55.7315
17	97	27.2947
17	98	26.9258
17	99	27.8568
17	100	38.0132
17	101	40.3113
18	0	45.1774
18	1	82.2253
18	2	73.3757
18	3	82.9699
18	4	78.7464
18	5	83.5225
18	6	74.6726
18	7	75.7694
18	8	80.4114
18	9	45.3431
18	10	48.7955
18	11	50.2096
18	12	53.8145
18	13	49.2037
18	14	55.8659
18	15	54.6717
18	16	56.2228
18	17	59.4643
18	19	5.3852
18	20	10.1980
18	21	4.0000
18	22	10.7703
18	23	6.0000
18	24	11.6619
18	25	9.0000
18	26	56.7979
18	27	59.1692
18	28	54.1202
18	29	54.9181
18	30	50.6063
18	31	53.2541
18	32	49.7393
18	33	45.6180
18	34	50.8035
18	35	83.2406
18	36	82.7103
18	37	79.8123
18	38	77.1298
18	39	76.6877
18	40	81.5843
18	41	71.3863
18	42	75.8024
18	43	80.7527
18	44	77.7817
18	45	80.6536
18	46	79.3788
18	47	58.0000
18	48	2.0000
18	49	7.2801
18	50	41.0366
18	51	18.6011
18	52	31.4006
18	53	51.0000
18	54	56.0892
18	55	56.7539
18	56	30.5941
18	57	24.4131
18	58	29.4279
18	59	37.1618
18	60	62.1772
18	61	60.0083
18	62	36.6197
18	63	25.8070
18	64	25.0200
18	65	36.1386
18	66	32.1403
18	67	42.0595
18	68	55.1453
18	69	48.7647
18	70	64.6297
18	71	54.2310
18	72	62.9365
18	73	69.2026
18	74	28.3019
18	75	39.0000
18	76	17.4642
18	77	21.0950
18	78	62.4260
18	79	73.5731
18	80	42.1070
18	81	53.2353
18	82	41.6293
18	83	26.9258
18	84	27.2947
18	85	26.1725
18	86	29.8329
18	87	37.2156
18	88	56.6480
18	89	23.0000
18	90	42.5793
18	91	37.3363
18	92	39.0512
18	93	49.9800
18	94	44.9222
18	95	34.1760
18	96	50.2195
18	97	42.0595
18	98	50.3289
18	99	34.9857
18	100	63.3482
18	101	45.1774
19	0	40.0500
19	1	76.9025
19	2	68.0074
19	3	77.6209
19	4	73.3757
19	5	78.1601
19	6	69.2892
19	7	70.3847
19	8	75.0267
19	9	40.6079
19	10	43.8634
19	11	45.3431
19	12	48.7955
19	13	44.6542
19	14	50.9313
19	15	50.0000
19	16	51.6140
19	17	54.6717
19	18	5.3852
19	20	5.0000
19	21	5.3852
19	22	5.3852
19	23	6.4031
19	24	6.4031
19	25	8.6023
19	26	56.6480
19	27	58.6003
19	28	53.8516
19	29	54.1202
19	30	50.1597
19	31	52.3546
19	32	49.2443
19	33	45.5412
19	34	49.7393
19	35	79.0569
19	36	78.4474
19	37	75.5844
19	38	72.8011
19	39	72.2772
19	40	77.1298
19	41	66.9403
19	42	71.1969
19	43	76.1183
19	44	73.1642
19	45	75.2861
19	46	74.0000
19	47	53.1507
19	48	5.0000
19	49	2.0000
19	50	39.0512
19	51	16.4012
19	52	26.2488
19	53	45.6508
19	54	51.6624
19	55	51.4198
19	56	26.2488
19	57	19.2094
19	58	27.0000
19	59	33.5261
19	60	56.8243
19	61	55.0818
19	62	33.9706
19	63	25.0799
19	64	20.2237
19	65	30.8058
19	66	27.0185
19	67	38.8330
19	68	50.0400
19	69	43.4166
19	70	59.4138
19	71	50.5371
19	72	58.8727
19	73	64.0312
19	74	24.1661
19	75	37.3363
19	76	18.1108
19	77	20.2485
19	78	57.2014
19	79	68.2642
19	80	37.3363
19	81	48.5077
19	82	36.2491
19	83	21.5870
19	84	24.2074
19	85	24.6982
19	86	25.2389
19	87	33.1059
19	88	51.2640
19	89	25.4951
19	90	37.3363
19	91	32.7567
19	92	34.7851
19	93	46.0977
19	94	40.8534
19	95	30.4138
19	96	45.8803
19	97	38.8330
19	98	44.9444
19	99	29.6816
19	100	58.0517
19	101	40.0500
20	0	35.0571
20	1	72.0347
20	2	63.2456
20	3	72.8011
20	4	68.6222
20	5	73.3757
20	6	64.6220
20	7	65.7951
20	8	70.3847
20	9	37.7359
20	10	40.6079
20	11	42.2019
20	12	45.3431
20	13	42.0595
20	14	47.6340
20	15	47.1699
20	16	48.8774
20	17	51.6140
20	18	10.1980
20	19	5.0000
20	21	10.1980
20	22	2.0000
20	23	10.7703
20	24	4.0000
20	25	12.2066
20	26	55.0818
20	27	56.6480
20	28	52.2015
20	29	52.0000
20	30	48.3839
20	31	50.1597
20	32	47.4342
20	33	44.1475
20	34	47.4236
20	35	74.3303
20	36	73.6817
20	37	70.8378
20	38	68.0074
20	39	67.4463
20	40	72.2772
20	41	62.0967
20	42	66.2873
20	43	71.1969
20	44	68.2495
20	45	70.5195
20	46	69.2892
20	47	50.0000
20	48	10.0000
20	49	3.0000
20	50	36.0555
20	51	13.9284
20	52	22.6716
20	53	41.3401
20	54	46.8402
20	55	46.5725
20	56	21.5407
20	57	15.6205
20	58	27.4591
20	59	32.3883
20	60	52.4786
20	61	50.0899
20	62	30.4795
20	63	23.5372
20	64	15.2971
20	65	25.9615
20	66	22.0227
20	67	34.8281
20	68	45.0444
20	69	38.6005
20	70	54.4518
20	71	46.1411
20	72	54.2310
20	73	60.2080
20	74	22.5610
20	75	38.3275
20	76	18.2483
20	77	22.4722
20	78	53.2635
20	79	64.0703
20	80	32.3883
20	81	43.5660
20	82	31.7648
20	83	16.7631
20	84	20.5183
20	85	22.4722
20	86	22.8473
20	87	31.3209
20	88	46.6154
20	89	26.9258
20	90	32.3883
20	91	27.8927
20	92	30.0832
20	93	41.5933
20	94	36.2491
20	95	26.0768
20	96	41.1096
20	97	38.1182
20	98	40.3113
20	99	25.6125
20	100	53.1507
20	101	35.0571
21	0	45.0000
21	1	81.3941
21	2	72.2772
21	3	82.0000
21	4	77.6209
21	5	82.4621
21	6	73.3757
21	7	74.3303
21	8	79.0569
21	9	42.4264
21	10	46.0977
21	11	47.4236
21	12	51.2250
21	13	46.0977
21	14	53.1507
21	15	51.6624
21	16	53.1507
21	17	56.5685
21	18	4.0000
21	19	5.3852
21	20	10.1980
21	22	10.0000
21	23	2.0000
21	24	10.1980
21	25	5.0000
21	26	60.4152
21	27	62.6498
21	28	57.6975
21	29	58.3095
21	30	54.1202
21	31	56.6039
21	32	53.2353
21	33	49.2443
21	34	54.0833
21	35	84.4334
21	36	83.8153
21	37	80.9568
21	38	78.1601
21	39	77.6209
21	40	82.4621
21	41	72.2772
21	42	76.4853
21	43	81.3941
21	44	78.4474
21	45	79.5550
21	46	78.1601
21	47	55.1725
21	48	2.0000
21	49	7.2801
21	50	43.8634
21	51	21.2132
21	52	29.1548
21	53	49.2443
21	54	57.0088
21	55	55.9017
21	56	31.6228
21	57	22.3607
21	58	25.4951
21	59	33.5410
21	60	60.4152
21	61	60.2080
21	62	39.0512
21	63	29.1548
21	64	25.4951
21	65	35.3553
21	66	32.0156
21	67	44.1022
21	68	55.0000
21	69	47.8539
21	70	64.1950
21	71	55.9017
21	72	64.2573
21	73	66.8506
21	74	25.0000
21	75	35.0000
21	76	21.1896
21	77	17.1172
21	78	60.2080
21	79	71.5891
21	80	42.5793
21	81	53.7587
21	82	40.1622
21	83	26.1725
21	84	29.4109
21	85	29.2062
21	86	26.8701
21	87	33.8378
21	88	55.3624
21	89	27.0000
21	90	42.1070
21	91	38.0789
21	92	40.1622
21	93	51.4782
21	94	46.2385
21	95	35.7771
21	96	51.2445
21	97	38.2753
21	98	49.0408
21	99	33.1059
21	100	62.6498
21	101	45.0000
22	0	35.0000
22	1	71.5891
22	2	62.6418
22	3	72.2772
22	4	68.0074
22	5	72.8011
22	6	63.9062
22	7	65.0000
22	8	69.6419
22	9	36.0555
22	10	39.0512
22	11	40.6079
22	12	43.8634
22	13	40.3113
22	14	46.0977
22	15	45.4863
22	16	47.1699
22	17	50.0000
22	18	10.7703
22	19	5.3852
22	20	2.0000
22	21	10.0000
22	23	10.1980
22	24	2.0000
22	25	11.1803
22	26	57.0088
22	27	58.5235
22	28	54.1202
22	29	53.8516
22	30	50.2892
22	31	52.0000
22	32	49.3356
22	33	46.0977
22	34	49.2443
22	35	75.0267
22	36	74.3303
22	37	71.5122
22	38	68.6222
22	39	68.0074
22	40	72.8011
22	41	62.6418
22	42	66.7083
22	43	71.5891
22	44	68.6586
22	45	69.9214
22	46	68.6222
22	47	48.4149
22	48	10.1980
22	49	3.6056
22	50	37.7359
22	51	15.8114
22	52	21.2132
22	53	40.3113
22	54	47.4342
22	55	46.0977
22	56	22.3607
22	57	14.1421
22	58	25.4951
22	59	30.4138
22	60	51.4782
22	61	50.2494
22	62	32.0156
22	63	25.4951
22	64	15.8114
22	65	25.4951
22	66	22.0227
22	67	36.1248
22	68	45.0000
22	69	38.0789
22	70	54.2310
22	71	47.1699
22	72	55.0364
22	73	58.8982
22	74	20.6155
22	75	36.4005
22	76	20.2237
22	77	20.8087
22	78	52.0096
22	79	62.9682
22	80	32.7567
22	81	43.9318
22	82	30.8707
22	83	16.2788
22	84	22.0227
22	85	24.3516
22	86	21.0238
22	87	29.4109
22	88	45.8803
22	89	28.7924
22	90	32.1403
22	91	28.4605
22	92	30.8707
22	93	42.5441
22	94	37.1214
22	95	27.2029
22	96	41.7852
22	97	36.1248
22	98	39.5601
22	99	24.4131
22	100	52.7731
22	101	35.0000
23	0	45.0444
23	1	81.0494
23	2	71.8053
23	3	81.5843
23	4	77.1298
23	5	82.0000
23	6	72.8011
23	7	73.6817
23	8	78.4474
23	9	41.0366
23	10	44.8219
23	11	46.0977
23	12	50.0000
23	13	44.5982
23	14	51.8556
23	15	50.2096
23	16	51.6624
23	17	55.1725
23	18	6.0000
23	19	6.4031
23	20	10.7703
23	21	2.0000
23	22	10.1980
23	24	10.0000
23	25	3.0000
23	26	62.2415
23	27	64.4127
23	28	59.5063
23	29	60.0333
23	30	55.9017
23	31	58.3095
23	32	55.0091
23	33	51.0784
23	34	55.7584
23	35	85.0941
23	36	84.4334
23	37	81.5966
23	38	78.7464
23	39	78.1601
23	40	82.9699
23	41	72.8011
23	42	76.9025
23	43	81.7863
23	44	78.8543
23	45	79.0759
23	46	77.6209
23	47	53.8145
23	48	4.0000
23	49	8.0623
23	50	45.3431
23	51	22.6716
23	52	28.1780
23	53	48.4665
23	54	57.5674
23	55	55.5788
23	56	32.3110
23	57	21.5407
23	58	23.5372
23	59	31.7648
23	60	59.6154
23	61	60.4070
23	62	40.3609
23	63	30.8869
23	64	25.9615
23	65	35.1283
23	66	32.1403
23	67	45.2217
23	68	55.0364
23	69	47.5184
23	70	64.0703
23	71	56.8243
23	72	65.0000
23	73	65.7343
23	74	23.4307
23	75	33.0000
23	76	23.0868
23	77	15.1327
23	78	59.1692
23	79	70.6612
23	80	42.9535
23	81	54.1295
23	82	39.5601
23	83	26.0192
23	84	30.6105
23	85	30.8058
23	86	25.4951
23	87	32.2025
23	88	54.8179
23	89	29.0000
23	90	42.0119
23	91	38.6005
23	92	40.8534
23	93	52.3259
23	94	47.0106
23	95	36.7151
23	96	51.8652
23	97	36.4005
23	98	48.5077
23	99	32.3110
23	100	62.3939
23	101	45.0444
24	0	35.0571
24	1	71.1969
24	2	62.0967
24	3	71.8053
24	4	67.4463
24	5	72.2772
24	6	63.2456
24	7	64.2573
24	8	68.9493
24	9	34.4093
24	10	37.5366
24	11	39.0512
24	12	42.4264
24	13	38.5876
24	14	44.5982
24	15	43.8292
24	16	45.4863
24	17	48.4149
24	18	11.6619
24	19	6.4031
24	20	4.0000
24	21	10.1980
24	22	2.0000
24	23	10.0000
24	25	10.4403
24	26	58.9406
24	27	60.4070
24	28	56.0446
24	29	55.7136
24	30	52.2015
24	31	53.8516
24	32	51.2445
24	33	48.0521
24	34	51.0784
24	35	75.7694
24	36	75.0267
24	37	72.2357
24	38	69.2892
24	39	68.6222
24	40	73.3757
24	41	63.2456
24	42	67.1863
24	43	72.0347
24	44	69.1231
24	45	69.3758
24	46	68.0074
24	47	46.8615
24	48	10.7703
24	49	5.0000
24	50	39.4462
24	51	17.7200
24	52	19.8494
24	53	39.3573
24	54	48.1041
24	55	45.7056
24	56	23.3238
24	57	12.8062
24	58	23.5372
24	59	28.4429
24	60	50.5371
24	61	50.4876
24	62	33.6006
24	63	27.4591
24	64	16.5529
24	65	25.1794
24	66	22.2036
24	67	37.4833
24	68	45.0444
24	69	37.6563
24	70	54.0833
24	71	48.2597
24	72	55.9017
24	73	57.6281
24	74	18.6815
24	75	34.4819
24	76	22.2036
24	77	19.2094
24	78	50.8035
24	79	61.9112
24	80	33.2415
24	81	44.3847
24	82	30.0832
24	83	16.0312
24	84	23.6008
24	85	26.2488
24	86	19.2354
24	87	27.5136
24	88	45.2217
24	89	30.6757
24	90	32.0156
24	91	29.1548
24	92	31.7648
24	93	43.5660
24	94	38.0789
24	95	28.4253
24	96	42.5441
24	97	34.1321
24	98	38.8973
24	99	23.3238
24	100	52.4690
24	101	35.0571
25	0	45.2769
25	1	80.6226
25	2	71.1969
25	3	81.0494
25	4	76.4853
25	5	81.3941
25	6	72.0347
25	7	72.8011
25	8	77.6209
25	9	39.0512
25	10	43.0116
25	11	44.2041
25	12	48.2597
25	13	42.4264
25	14	50.0000
25	15	48.1041
25	16	49.4975
25	17	53.1507
25	18	9.0000
25	19	8.6023
25	20	12.2066
25	21	5.0000
25	22	11.1803
25	23	3.0000
25	24	10.4403
25	26	65.0000
25	27	67.0820
25	28	62.2415
25	29	62.6498
25	30	58.6003
25	31	60.9016
25	32	57.6975
25	33	53.8516
25	34	58.3095
25	35	86.1626
25	36	85.4400
25	37	82.6378
25	38	79.7120
25	39	79.0569
25	40	83.8153
25	41	73.6817
25	42	77.6209
25	43	82.4621
25	44	79.5550
25	45	78.4474
25	46	76.9025
25	47	51.8556
25	48	7.0000
25	49	9.8995
25	50	47.6340
25	51	25.0000
25	52	26.9258
25	53	47.4342
25	54	58.5235
25	55	55.2268
25	56	33.5410
25	57	20.6155
25	58	20.6155
25	59	29.1548
25	60	58.5235
25	61	60.8276
25	62	42.4264
25	63	33.5410
25	64	26.9258
25	65	35.0000
25	66	32.5576
25	67	47.0106
25	68	55.2268
25	69	47.1699
25	70	64.0000
25	71	58.3095
25	72	66.2118
25	73	64.1405
25	74	21.2132
25	75	30.0000
25	76	25.9615
25	77	12.1655
25	78	57.7062
25	79	69.3542
25	80	43.6807
25	81	54.8179
25	82	38.8330
25	83	26.0768
25	84	32.5576
25	85	33.2866
25	86	23.6008
25	87	29.8329
25	88	54.1295
25	89	32.0000
25	90	42.0476
25	91	39.5601
25	92	42.0476
25	93	53.7122
25	94	48.3011
25	95	38.2753
25	96	52.9245
25	97	33.6155
25	98	47.8539
25	99	31.3209
25	100	62.1289
25	101	45.2769
26	0	58.5235
26	1	89.0225
26	2	85.7555
26	3	91.4002
26	4	90.1388
26	5	93.0054
26	6	89.1852
26	7	91.7878
26	8	94.3398
26	9	85.1469
26	10	85.5862
26	11	87.5728
26	12	88.2836
26	13	90.1388
26	14	91.2414
26	15	93.5361
26	16	95.5249
26	17	96.1769
26	18	56.7979
26	19	56.6480
26	20	55.0818
26	21	60.4152
26	22	57.0088
26	23	62.2415
26	24	58.9406
26	25	65.0000
26	27	5.0000
26	28	3.0000
26	29	7.0711
26	30	7.0000
26	31	8.6023
26	32	8.0000
26	33	11.1803
26	34	11.1803
26	35	61.7171
26	36	62.6498
26	37	60.0333
26	38	59.9083
26	39	61.0328
26	40	65.1920
26	41	58.2580
26	42	64.0312
26	43	68.0074
26	44	65.6049
26	45	91.2634
26	46	91.8096
26	47	94.2019
26	48	58.6003
26	49	55.9732
26	50	23.5372
26	51	41.2311
26	52	70.0000
26	53	77.6209
26	54	50.0000
26	55	71.5891
26	56	45.2769
26	57	65.1920
26	58	82.4621
26	59	85.5862
26	60	85.4400
26	61	61.0328
26	62	30.4138
26	63	31.6228
26	64	50.0000
26	65	60.8276
26	66	54.4518
26	67	33.2415
26	68	62.6498
26	69	67.6757
26	70	71.5612
26	71	39.0512
26	72	47.4236
26	73	97.7190
26	74	75.6637
26	75	93.4077
26	76	39.3573
26	77	76.8960
26	78	90.8020
26	79	96.7729
26	80	50.9215
26	81	53.8516
26	82	69.2315
26	83	58.0086
26	84	38.0132
26	85	32.7567
26	86	74.2428
26	87	83.2166
26	88	76.3217
26	89	37.5366
26	90	60.4401
26	91	47.5395
26	92	43.9659
26	93	40.4969
26	94	42.0476
26	95	39.6232
26	96	46.6476
26	97	91.7878
26	98	72.4224
26	99	69.1809
26	100	73.9256
26	101	58.5235
27	0	57.0088
27	1	86.0233
27	2	83.2406
27	3	88.4816
27	4	87.4643
27	5	90.1388
27	6	86.7698
27	7	89.4427
27	8	91.7878
27	9	85.0000
27	10	85.1469
27	11	87.1436
27	12	87.5728
27	13	90.0000
27	14	90.5539
27	15	93.1343
27	16	95.1315
27	17	95.5249
27	18	59.1692
27	19	58.6003
27	20	56.6480
27	21	62.6498
27	22	58.5235
27	23	64.4127
27	24	60.4070
27	25	67.0820
27	26	5.0000
27	28	5.8310
27	29	5.0000
27	30	8.6023
